ARMA_MAT_TXT_FN008
200 1
   2.999806619991e+00
   6.999035441455e+00
   1.099783756091e+01
   1.500146633997e+01
   1.906583029031e+01
   2.341397623725e+01
   2.837313482656e+01
   3.412292759941e+01
   4.069600951391e+01
   4.808348461885e+01
   5.627352580669e+01
   6.525700625650e+01
   7.502706031306e+01
   8.557822665758e+01
   9.690585723295e+01
   1.090057540941e+02
   1.218739482442e+02
   1.355065626264e+02
   1.498997252664e+02
   1.650495129251e+02
   1.809519137789e+02
   1.976028022619e+02
   2.149979218697e+02
   2.331328732885e+02
   2.520031061637e+02
   2.716039134023e+02
   2.919304272715e+02
   3.129776167948e+02
   3.347402860984e+02
   3.572130734674e+02
   3.803904509401e+02
   4.042667243146e+02
   4.288360334808e+02
   4.540923530087e+02
   4.800294929446e+02
   5.066410997782e+02
   5.339206575522e+02
   5.618614890919e+02
   5.904567573392e+02
   6.196994667771e+02
   6.495824649341e+02
   6.800984439616e+02
   7.112399422758e+02
   7.429993462601e+02
   7.753688920235e+02
   8.083406672105e+02
   8.419066128603e+02
   8.760585253124e+02
   9.107880581565e+02
   9.460867242248e+02
   9.819458976251e+02
   1.018356815813e+03
   1.055310581701e+03
   1.092798165808e+03
   1.130810408440e+03
   1.169338021907e+03
   1.208371592775e+03
   1.247901584149e+03
   1.287918337992e+03
   1.328412077467e+03
   1.369372909317e+03
   1.410790826275e+03
   1.452655709492e+03
   1.494957331012e+03
   1.537685356254e+03
   1.580829346536e+03
   1.624378761618e+03
   1.668322962270e+03
   1.712651212871e+03
   1.757352684022e+03
   1.802416455193e+03
   1.847831517384e+03
   1.893586775812e+03
   1.939671052619e+03
   1.986073089600e+03
   2.032781550952e+03
   2.079785026038e+03
   2.127072032177e+03
   2.174631017444e+03
   2.222450363490e+03
   2.270518388382e+03
   2.318823349452e+03
   2.367353446166e+03
   2.416096823007e+03
   2.465041572364e+03
   2.514175737450e+03
   2.563487315210e+03
   2.612964259264e+03
   2.662594482838e+03
   2.712365861726e+03
   2.762266237244e+03
   2.812283419200e+03
   2.862405188875e+03
   2.912619302006e+03
   2.962913491773e+03
   3.013275471799e+03
   3.063692939150e+03
   3.114153577339e+03
   3.164645059333e+03
   3.215155050568e+03
   3.265671211956e+03
   3.316181202905e+03
   3.366672684327e+03
   3.417133321655e+03
   3.467550787857e+03
   3.517912766443e+03
   3.568206954475e+03
   3.618421065574e+03
   3.668542832917e+03
   3.718560012235e+03
   3.768460384805e+03
   3.818231760429e+03
   3.867861980418e+03
   3.917338920557e+03
   3.966650494066e+03
   4.015784654556e+03
   4.064729398964e+03
   4.113472770491e+03
   4.162002861518e+03
   4.210307816515e+03
   4.258375834935e+03
   4.306195174098e+03
   4.353754152056e+03
   4.401041150444e+03
   4.448044617321e+03
   4.494753069987e+03
   4.541155097786e+03
   4.587239364895e+03
   4.632994613085e+03
   4.678409664475e+03
   4.723473424257e+03
   4.768174883403e+03
   4.812503121353e+03
   4.856447308676e+03
   4.899996709717e+03
   4.943140685209e+03
   4.985868694874e+03
   5.028170299986e+03
   5.070035165920e+03
   5.111453064667e+03
   5.152413877330e+03
   5.192907596582e+03
   5.232924329104e+03
   5.272454297996e+03
   5.311487845145e+03
   5.350015433581e+03
   5.388027649785e+03
   5.425515205979e+03
   5.462468942368e+03
   5.498879829366e+03
   5.534738969771e+03
   5.570037600912e+03
   5.604767096763e+03
   5.638918970009e+03
   5.672484874080e+03
   5.705456605143e+03
   5.737826104048e+03
   5.769585458237e+03
   5.800726903598e+03
   5.831242826273e+03
   5.861125764420e+03
   5.890368409910e+03
   5.918963609969e+03
   5.946904368756e+03
   5.974183848868e+03
   6.000795372762e+03
   6.026732424095e+03
   6.051988648959e+03
   6.076557856995e+03
   6.100434022374e+03
   6.123611284613e+03
   6.146083949190e+03
   6.167846487923e+03
   6.188893539034e+03
   6.209219906843e+03
   6.228820560965e+03
   6.247690634862e+03
   6.265825423553e+03
   6.283220380190e+03
   6.299871111070e+03
   6.315773368516e+03
   6.330923040715e+03
   6.345316137233e+03
   6.358948768184e+03
   6.371817113955e+03
   6.383917380524e+03
   6.395245732213e+03
   6.405798188137e+03
   6.415570458147e+03
   6.424557673996e+03
   6.432753930076e+03
   6.440151456695e+03
   6.446739026103e+03
   6.452498568562e+03
   6.457396839052e+03
   6.461364371624e+03
   6.464460301495e+03
   6.467766835579e+03
   6.472363261673e+03
   6.478981013464e+03
