ARMA_MAT_TXT_FN008
200 1
   3.650000000000e-02
   7.300000000000e-02
   1.095000000000e-01
   1.460000000000e-01
   1.825000000000e-01
   2.190000000000e-01
   2.555000000000e-01
   2.920000000000e-01
   3.285000000000e-01
   3.650000000000e-01
   4.015000000000e-01
   4.380000000000e-01
   4.745000000000e-01
   5.110000000000e-01
   5.475000000000e-01
   5.840000000000e-01
   6.205000000000e-01
   6.570000000000e-01
   6.935000000000e-01
   7.300000000000e-01
   7.665000000000e-01
   8.030000000000e-01
   8.395000000000e-01
   8.760000000000e-01
   9.125000000000e-01
   9.490000000000e-01
   9.855000000000e-01
   1.022000000000e+00
   1.058500000000e+00
   1.095000000000e+00
   1.131500000000e+00
   1.168000000000e+00
   1.204500000000e+00
   1.241000000000e+00
   1.277500000000e+00
   1.314000000000e+00
   1.350500000000e+00
   1.387000000000e+00
   1.423500000000e+00
   1.460000000000e+00
   1.496500000000e+00
   1.533000000000e+00
   1.569500000000e+00
   1.606000000000e+00
   1.642500000000e+00
   1.679000000000e+00
   1.715500000000e+00
   1.752000000000e+00
   1.788500000000e+00
   1.825000000000e+00
   1.861500000000e+00
   1.898000000000e+00
   1.934500000000e+00
   1.971000000000e+00
   2.007500000000e+00
   2.044000000000e+00
   2.080500000000e+00
   2.117000000000e+00
   2.153500000000e+00
   2.190000000000e+00
   2.226500000000e+00
   2.263000000000e+00
   2.299500000000e+00
   2.336000000000e+00
   2.372500000000e+00
   2.409000000000e+00
   2.445500000000e+00
   2.482000000000e+00
   2.518500000000e+00
   2.555000000000e+00
   2.591500000000e+00
   2.628000000000e+00
   2.664500000000e+00
   2.701000000000e+00
   2.737500000000e+00
   2.774000000000e+00
   2.810500000000e+00
   2.847000000000e+00
   2.883500000000e+00
   2.920000000000e+00
   2.956500000000e+00
   2.993000000000e+00
   3.029500000000e+00
   3.066000000000e+00
   3.102500000000e+00
   3.139000000000e+00
   3.175500000000e+00
   3.212000000000e+00
   3.248500000000e+00
   3.285000000000e+00
   3.321500000000e+00
   3.358000000000e+00
   3.394500000000e+00
   3.431000000000e+00
   3.467500000000e+00
   3.504000000000e+00
   3.540500000000e+00
   3.577000000000e+00
   3.613500000000e+00
   3.650000000000e+00
   3.686500000000e+00
   3.723000000000e+00
   3.759500000000e+00
   3.796000000000e+00
   3.832500000000e+00
   3.869000000000e+00
   3.905500000000e+00
   3.942000000000e+00
   3.978500000000e+00
   4.015000000000e+00
   4.051500000000e+00
   4.088000000000e+00
   4.124500000000e+00
   4.161000000000e+00
   4.197500000000e+00
   4.234000000000e+00
   4.270500000000e+00
   4.307000000000e+00
   4.343500000000e+00
   4.380000000000e+00
   4.416500000000e+00
   4.453000000000e+00
   4.489500000000e+00
   4.526000000000e+00
   4.562500000000e+00
   4.599000000000e+00
   4.635500000000e+00
   4.672000000000e+00
   4.708500000000e+00
   4.745000000000e+00
   4.781500000000e+00
   4.818000000000e+00
   4.854500000000e+00
   4.891000000000e+00
   4.927500000000e+00
   4.964000000000e+00
   5.000500000000e+00
   5.037000000000e+00
   5.073500000000e+00
   5.110000000000e+00
   5.146500000000e+00
   5.183000000000e+00
   5.219500000000e+00
   5.256000000000e+00
   5.292500000000e+00
   5.329000000000e+00
   5.365500000000e+00
   5.402000000000e+00
   5.438500000000e+00
   5.475000000000e+00
   5.511500000000e+00
   5.548000000000e+00
   5.584500000000e+00
   5.621000000000e+00
   5.657500000000e+00
   5.694000000000e+00
   5.730500000000e+00
   5.767000000000e+00
   5.803500000000e+00
   5.840000000000e+00
   5.876500000000e+00
   5.913000000000e+00
   5.949500000000e+00
   5.986000000000e+00
   6.022500000000e+00
   6.059000000000e+00
   6.095500000000e+00
   6.132000000000e+00
   6.168500000000e+00
   6.205000000000e+00
   6.241500000000e+00
   6.278000000000e+00
   6.314500000000e+00
   6.351000000000e+00
   6.387500000000e+00
   6.424000000000e+00
   6.460500000000e+00
   6.497000000000e+00
   6.533500000000e+00
   6.570000000000e+00
   6.606500000000e+00
   6.643000000000e+00
   6.679500000000e+00
   6.716000000000e+00
   6.752500000000e+00
   6.789000000000e+00
   6.825500000000e+00
   6.862000000000e+00
   6.898500000000e+00
   6.935000000000e+00
   6.971500000000e+00
   7.008000000000e+00
   7.044500000000e+00
   7.081000000000e+00
   7.117500000000e+00
   7.154000000000e+00
   7.190500000000e+00
   7.227000000000e+00
   7.263500000000e+00
   7.300000000000e+00
