ARMA_MAT_TXT_FN008
200 1
   2.300000000000e-02
   4.600000000000e-02
   6.900000000000e-02
   9.200000000000e-02
   1.150000000000e-01
   1.380000000000e-01
   1.610000000000e-01
   1.840000000000e-01
   2.070000000000e-01
   2.300000000000e-01
   2.530000000000e-01
   2.760000000000e-01
   2.990000000000e-01
   3.220000000000e-01
   3.450000000000e-01
   3.680000000000e-01
   3.910000000000e-01
   4.140000000000e-01
   4.370000000000e-01
   4.600000000000e-01
   4.830000000000e-01
   5.060000000000e-01
   5.290000000000e-01
   5.520000000000e-01
   5.750000000000e-01
   5.980000000000e-01
   6.210000000000e-01
   6.440000000000e-01
   6.670000000000e-01
   6.900000000000e-01
   7.130000000000e-01
   7.360000000000e-01
   7.590000000000e-01
   7.820000000000e-01
   8.050000000000e-01
   8.280000000000e-01
   8.510000000000e-01
   8.740000000000e-01
   8.970000000000e-01
   9.200000000000e-01
   9.430000000000e-01
   9.660000000000e-01
   9.890000000000e-01
   1.012000000000e+00
   1.035000000000e+00
   1.058000000000e+00
   1.081000000000e+00
   1.104000000000e+00
   1.127000000000e+00
   1.150000000000e+00
   1.173000000000e+00
   1.196000000000e+00
   1.219000000000e+00
   1.242000000000e+00
   1.265000000000e+00
   1.288000000000e+00
   1.311000000000e+00
   1.334000000000e+00
   1.357000000000e+00
   1.380000000000e+00
   1.403000000000e+00
   1.426000000000e+00
   1.449000000000e+00
   1.472000000000e+00
   1.495000000000e+00
   1.518000000000e+00
   1.541000000000e+00
   1.564000000000e+00
   1.587000000000e+00
   1.610000000000e+00
   1.633000000000e+00
   1.656000000000e+00
   1.679000000000e+00
   1.702000000000e+00
   1.725000000000e+00
   1.748000000000e+00
   1.771000000000e+00
   1.794000000000e+00
   1.817000000000e+00
   1.840000000000e+00
   1.863000000000e+00
   1.886000000000e+00
   1.909000000000e+00
   1.932000000000e+00
   1.955000000000e+00
   1.978000000000e+00
   2.001000000000e+00
   2.024000000000e+00
   2.047000000000e+00
   2.070000000000e+00
   2.093000000000e+00
   2.116000000000e+00
   2.139000000000e+00
   2.162000000000e+00
   2.185000000000e+00
   2.208000000000e+00
   2.231000000000e+00
   2.254000000000e+00
   2.277000000000e+00
   2.300000000000e+00
   2.323000000000e+00
   2.346000000000e+00
   2.369000000000e+00
   2.392000000000e+00
   2.415000000000e+00
   2.438000000000e+00
   2.461000000000e+00
   2.484000000000e+00
   2.507000000000e+00
   2.530000000000e+00
   2.553000000000e+00
   2.576000000000e+00
   2.599000000000e+00
   2.622000000000e+00
   2.645000000000e+00
   2.668000000000e+00
   2.691000000000e+00
   2.714000000000e+00
   2.737000000000e+00
   2.760000000000e+00
   2.783000000000e+00
   2.806000000000e+00
   2.829000000000e+00
   2.852000000000e+00
   2.875000000000e+00
   2.898000000000e+00
   2.921000000000e+00
   2.944000000000e+00
   2.967000000000e+00
   2.990000000000e+00
   3.013000000000e+00
   3.036000000000e+00
   3.059000000000e+00
   3.082000000000e+00
   3.105000000000e+00
   3.128000000000e+00
   3.151000000000e+00
   3.174000000000e+00
   3.197000000000e+00
   3.220000000000e+00
   3.243000000000e+00
   3.266000000000e+00
   3.289000000000e+00
   3.312000000000e+00
   3.335000000000e+00
   3.358000000000e+00
   3.381000000000e+00
   3.404000000000e+00
   3.427000000000e+00
   3.450000000000e+00
   3.473000000000e+00
   3.496000000000e+00
   3.519000000000e+00
   3.542000000000e+00
   3.565000000000e+00
   3.588000000000e+00
   3.611000000000e+00
   3.634000000000e+00
   3.657000000000e+00
   3.680000000000e+00
   3.703000000000e+00
   3.726000000000e+00
   3.749000000000e+00
   3.772000000000e+00
   3.795000000000e+00
   3.818000000000e+00
   3.841000000000e+00
   3.864000000000e+00
   3.887000000000e+00
   3.910000000000e+00
   3.933000000000e+00
   3.956000000000e+00
   3.979000000000e+00
   4.002000000000e+00
   4.025000000000e+00
   4.048000000000e+00
   4.071000000000e+00
   4.094000000000e+00
   4.117000000000e+00
   4.140000000000e+00
   4.163000000000e+00
   4.186000000000e+00
   4.209000000000e+00
   4.232000000000e+00
   4.255000000000e+00
   4.278000000000e+00
   4.301000000000e+00
   4.324000000000e+00
   4.347000000000e+00
   4.370000000000e+00
   4.393000000000e+00
   4.416000000000e+00
   4.439000000000e+00
   4.462000000000e+00
   4.485000000000e+00
   4.508000000000e+00
   4.531000000000e+00
   4.554000000000e+00
   4.577000000000e+00
   4.600000000000e+00
