ARMA_MAT_TXT_FN008
40 1
   3.275862068966e-02
   6.551724137931e-02
   9.827586206897e-02
   1.310344827586e-01
   1.637931034483e-01
   1.965517241379e-01
   2.293103448276e-01
   2.620689655172e-01
   2.948275862069e-01
   3.275862068966e-01
   3.603448275862e-01
   3.931034482759e-01
   4.258620689655e-01
   4.586206896552e-01
   4.913793103448e-01
   5.241379310345e-01
   5.568965517241e-01
   5.896551724138e-01
   6.224137931034e-01
   6.551724137931e-01
   6.879310344828e-01
   7.206896551724e-01
   7.534482758621e-01
   7.862068965517e-01
   8.189655172414e-01
   8.517241379310e-01
   8.844827586207e-01
   9.172413793103e-01
   9.500000000000e-01
   9.827586206897e-01
   1.015517241379e+00
   1.048275862069e+00
   1.081034482759e+00
   1.113793103448e+00
   1.146551724138e+00
   1.179310344828e+00
   1.212068965517e+00
   1.244827586207e+00
   1.277586206897e+00
   1.310344827586e+00
