ARMA_MAT_TXT_FN008
240 1
   2.744252873563e-02
   5.488505747126e-02
   8.232758620690e-02
   1.097701149425e-01
   1.372126436782e-01
   1.646551724138e-01
   1.920977011494e-01
   2.195402298851e-01
   2.469827586207e-01
   2.744252873563e-01
   3.018678160920e-01
   3.293103448276e-01
   3.567528735632e-01
   3.841954022989e-01
   4.116379310345e-01
   4.390804597701e-01
   4.665229885057e-01
   4.939655172414e-01
   5.214080459770e-01
   5.488505747126e-01
   5.762931034483e-01
   6.037356321839e-01
   6.311781609195e-01
   6.586206896552e-01
   6.860632183908e-01
   7.135057471264e-01
   7.409482758621e-01
   7.683908045977e-01
   7.958333333333e-01
   8.232758620690e-01
   8.507183908046e-01
   8.781609195402e-01
   9.056034482759e-01
   9.330459770115e-01
   9.604885057471e-01
   9.879310344828e-01
   1.015373563218e+00
   1.042816091954e+00
   1.070258620690e+00
   1.097701149425e+00
   1.125143678161e+00
   1.152586206897e+00
   1.180028735632e+00
   1.207471264368e+00
   1.234913793103e+00
   1.262356321839e+00
   1.289798850575e+00
   1.317241379310e+00
   1.344683908046e+00
   1.372126436782e+00
   1.399568965517e+00
   1.427011494253e+00
   1.454454022989e+00
   1.481896551724e+00
   1.509339080460e+00
   1.536781609195e+00
   1.564224137931e+00
   1.591666666667e+00
   1.619109195402e+00
   1.646551724138e+00
   1.673994252874e+00
   1.701436781609e+00
   1.728879310345e+00
   1.756321839080e+00
   1.783764367816e+00
   1.811206896552e+00
   1.838649425287e+00
   1.866091954023e+00
   1.893534482759e+00
   1.920977011494e+00
   1.948419540230e+00
   1.975862068966e+00
   2.003304597701e+00
   2.030747126437e+00
   2.058189655172e+00
   2.085632183908e+00
   2.113074712644e+00
   2.140517241379e+00
   2.167959770115e+00
   2.195402298851e+00
   2.222844827586e+00
   2.250287356322e+00
   2.277729885057e+00
   2.305172413793e+00
   2.332614942529e+00
   2.360057471264e+00
   2.387500000000e+00
   2.414942528736e+00
   2.442385057471e+00
   2.469827586207e+00
   2.497270114943e+00
   2.524712643678e+00
   2.552155172414e+00
   2.579597701149e+00
   2.607040229885e+00
   2.634482758621e+00
   2.661925287356e+00
   2.689367816092e+00
   2.716810344828e+00
   2.744252873563e+00
   2.771695402299e+00
   2.799137931034e+00
   2.826580459770e+00
   2.854022988506e+00
   2.881465517241e+00
   2.908908045977e+00
   2.936350574713e+00
   2.963793103448e+00
   2.991235632184e+00
   3.018678160920e+00
   3.046120689655e+00
   3.073563218391e+00
   3.101005747126e+00
   3.128448275862e+00
   3.155890804598e+00
   3.183333333333e+00
   3.210775862069e+00
   3.238218390805e+00
   3.265660919540e+00
   3.293103448276e+00
   3.320545977011e+00
   3.347988505747e+00
   3.375431034483e+00
   3.402873563218e+00
   3.430316091954e+00
   3.457758620690e+00
   3.485201149425e+00
   3.512643678161e+00
   3.540086206897e+00
   3.567528735632e+00
   3.594971264368e+00
   3.622413793103e+00
   3.649856321839e+00
   3.677298850575e+00
   3.704741379310e+00
   3.732183908046e+00
   3.759626436782e+00
   3.787068965517e+00
   3.814511494253e+00
   3.841954022989e+00
   3.869396551724e+00
   3.896839080460e+00
   3.924281609195e+00
   3.951724137931e+00
   3.979166666667e+00
   4.006609195402e+00
   4.034051724138e+00
   4.061494252874e+00
   4.088936781609e+00
   4.116379310345e+00
   4.143821839080e+00
   4.171264367816e+00
   4.198706896552e+00
   4.226149425287e+00
   4.253591954023e+00
   4.281034482759e+00
   4.308477011494e+00
   4.335919540230e+00
   4.363362068966e+00
   4.390804597701e+00
   4.418247126437e+00
   4.445689655172e+00
   4.473132183908e+00
   4.500574712644e+00
   4.528017241379e+00
   4.555459770115e+00
   4.582902298851e+00
   4.610344827586e+00
   4.637787356322e+00
   4.665229885057e+00
   4.692672413793e+00
   4.720114942529e+00
   4.747557471264e+00
   4.775000000000e+00
   4.802442528736e+00
   4.829885057471e+00
   4.857327586207e+00
   4.884770114943e+00
   4.912212643678e+00
   4.939655172414e+00
   4.967097701149e+00
   4.994540229885e+00
   5.021982758621e+00
   5.049425287356e+00
   5.076867816092e+00
   5.104310344828e+00
   5.131752873563e+00
   5.159195402299e+00
   5.186637931034e+00
   5.214080459770e+00
   5.241522988506e+00
   5.268965517241e+00
   5.296408045977e+00
   5.323850574713e+00
   5.351293103448e+00
   5.378735632184e+00
   5.406178160920e+00
   5.433620689655e+00
   5.461063218391e+00
   5.488505747126e+00
   5.515948275862e+00
   5.543390804598e+00
   5.570833333333e+00
   5.598275862069e+00
   5.625718390805e+00
   5.653160919540e+00
   5.680603448276e+00
   5.708045977011e+00
   5.735488505747e+00
   5.762931034483e+00
   5.790373563218e+00
   5.817816091954e+00
   5.845258620690e+00
   5.872701149425e+00
   5.900143678161e+00
   5.927586206897e+00
   5.955028735632e+00
   5.982471264368e+00
   6.009913793103e+00
   6.037356321839e+00
   6.064798850575e+00
   6.092241379310e+00
   6.119683908046e+00
   6.147126436782e+00
   6.174568965517e+00
   6.202011494253e+00
   6.229454022989e+00
   6.256896551724e+00
   6.284339080460e+00
   6.311781609195e+00
   6.339224137931e+00
   6.366666666667e+00
   6.394109195402e+00
   6.421551724138e+00
   6.448994252874e+00
   6.476436781609e+00
   6.503879310345e+00
   6.531321839080e+00
   6.558764367816e+00
   6.586206896552e+00
