ARMA_MAT_TXT_FN008
238 1
   2.506519849319e-02
   5.013039698638e-02
   7.519559547957e-02
   1.002607939728e-01
   1.253259924660e-01
   1.503911909591e-01
   1.754563894523e-01
   2.005215879455e-01
   2.255867864387e-01
   2.506519849319e-01
   2.757171834251e-01
   3.007823819183e-01
   3.258475804115e-01
   3.509127789047e-01
   3.759779773979e-01
   4.010431758910e-01
   4.261083743842e-01
   4.511735728774e-01
   4.762387713706e-01
   5.013039698638e-01
   5.263691683570e-01
   5.514343668502e-01
   5.764995653434e-01
   6.015647638366e-01
   6.266299623298e-01
   6.516951608229e-01
   6.767603593161e-01
   7.018255578093e-01
   7.268907563025e-01
   7.519559547957e-01
   7.770211532889e-01
   8.020863517821e-01
   8.271515502753e-01
   8.522167487685e-01
   8.772819472617e-01
   9.023471457549e-01
   9.274123442480e-01
   9.524775427412e-01
   9.775427412344e-01
   1.002607939728e+00
   1.027673138221e+00
   1.052738336714e+00
   1.077803535207e+00
   1.102868733700e+00
   1.127933932194e+00
   1.152999130687e+00
   1.178064329180e+00
   1.203129527673e+00
   1.228194726166e+00
   1.253259924660e+00
   1.278325123153e+00
   1.303390321646e+00
   1.328455520139e+00
   1.353520718632e+00
   1.378585917125e+00
   1.403651115619e+00
   1.428716314112e+00
   1.453781512605e+00
   1.478846711098e+00
   1.503911909591e+00
   1.528977108085e+00
   1.554042306578e+00
   1.579107505071e+00
   1.604172703564e+00
   1.629237902057e+00
   1.654303100551e+00
   1.679368299044e+00
   1.704433497537e+00
   1.729498696030e+00
   1.754563894523e+00
   1.779629093017e+00
   1.804694291510e+00
   1.829759490003e+00
   1.854824688496e+00
   1.879889886989e+00
   1.904955085482e+00
   1.930020283976e+00
   1.955085482469e+00
   1.980150680962e+00
   2.005215879455e+00
   2.030281077948e+00
   2.055346276442e+00
   2.080411474935e+00
   2.105476673428e+00
   2.130541871921e+00
   2.155607070414e+00
   2.180672268908e+00
   2.205737467401e+00
   2.230802665894e+00
   2.255867864387e+00
   2.280933062880e+00
   2.305998261374e+00
   2.331063459867e+00
   2.356128658360e+00
   2.381193856853e+00
   2.406259055346e+00
   2.431324253839e+00
   2.456389452333e+00
   2.481454650826e+00
   2.506519849319e+00
   2.531585047812e+00
   2.556650246305e+00
   2.581715444799e+00
   2.606780643292e+00
   2.631845841785e+00
   2.656911040278e+00
   2.681976238771e+00
   2.707041437265e+00
   2.732106635758e+00
   2.757171834251e+00
   2.782237032744e+00
   2.807302231237e+00
   2.832367429731e+00
   2.857432628224e+00
   2.882497826717e+00
   2.907563025210e+00
   2.932628223703e+00
   2.957693422196e+00
   2.982758620690e+00
   3.007823819183e+00
   3.032889017676e+00
   3.057954216169e+00
   3.083019414662e+00
   3.108084613156e+00
   3.133149811649e+00
   3.158215010142e+00
   3.183280208635e+00
   3.208345407128e+00
   3.233410605622e+00
   3.258475804115e+00
   3.283541002608e+00
   3.308606201101e+00
   3.333671399594e+00
   3.358736598088e+00
   3.383801796581e+00
   3.408866995074e+00
   3.433932193567e+00
   3.458997392060e+00
   3.484062590553e+00
   3.509127789047e+00
   3.534192987540e+00
   3.559258186033e+00
   3.584323384526e+00
   3.609388583019e+00
   3.634453781513e+00
   3.659518980006e+00
   3.684584178499e+00
   3.709649376992e+00
   3.734714575485e+00
   3.759779773979e+00
   3.784844972472e+00
   3.809910170965e+00
   3.834975369458e+00
   3.860040567951e+00
   3.885105766445e+00
   3.910170964938e+00
   3.935236163431e+00
   3.960301361924e+00
   3.985366560417e+00
   4.010431758910e+00
   4.035496957404e+00
   4.060562155897e+00
   4.085627354390e+00
   4.110692552883e+00
   4.135757751376e+00
   4.160822949870e+00
   4.185888148363e+00
   4.210953346856e+00
   4.236018545349e+00
   4.261083743842e+00
   4.286148942336e+00
   4.311214140829e+00
   4.336279339322e+00
   4.361344537815e+00
   4.386409736308e+00
   4.411474934802e+00
   4.436540133295e+00
   4.461605331788e+00
   4.486670530281e+00
   4.511735728774e+00
   4.536800927267e+00
   4.561866125761e+00
   4.586931324254e+00
   4.611996522747e+00
   4.637061721240e+00
   4.662126919733e+00
   4.687192118227e+00
   4.712257316720e+00
   4.737322515213e+00
   4.762387713706e+00
   4.787452912199e+00
   4.812518110693e+00
   4.837583309186e+00
   4.862648507679e+00
   4.887713706172e+00
   4.912778904665e+00
   4.937844103159e+00
   4.962909301652e+00
   4.987974500145e+00
   5.013039698638e+00
   5.038104897131e+00
   5.063170095624e+00
   5.088235294118e+00
   5.113300492611e+00
   5.138365691104e+00
   5.163430889597e+00
   5.188496088090e+00
   5.213561286584e+00
   5.238626485077e+00
   5.263691683570e+00
   5.288756882063e+00
   5.313822080556e+00
   5.338887279050e+00
   5.363952477543e+00
   5.389017676036e+00
   5.414082874529e+00
   5.439148073022e+00
   5.464213271516e+00
   5.489278470009e+00
   5.514343668502e+00
   5.539408866995e+00
   5.564474065488e+00
   5.589539263981e+00
   5.614604462475e+00
   5.639669660968e+00
   5.664734859461e+00
   5.689800057954e+00
   5.714865256447e+00
   5.739930454941e+00
   5.764995653434e+00
   5.790060851927e+00
   5.815126050420e+00
   5.840191248913e+00
   5.865256447407e+00
   5.890321645900e+00
   5.915386844393e+00
   5.940452042886e+00
   5.965517241379e+00
