ARMA_MAT_TXT_FN008
200 1
   1.400000000000e-02
   2.800000000000e-02
   4.200000000000e-02
   5.600000000000e-02
   7.000000000000e-02
   8.400000000000e-02
   9.800000000000e-02
   1.120000000000e-01
   1.260000000000e-01
   1.400000000000e-01
   1.540000000000e-01
   1.680000000000e-01
   1.820000000000e-01
   1.960000000000e-01
   2.100000000000e-01
   2.240000000000e-01
   2.380000000000e-01
   2.520000000000e-01
   2.660000000000e-01
   2.800000000000e-01
   2.940000000000e-01
   3.080000000000e-01
   3.220000000000e-01
   3.360000000000e-01
   3.500000000000e-01
   3.640000000000e-01
   3.780000000000e-01
   3.920000000000e-01
   4.060000000000e-01
   4.200000000000e-01
   4.340000000000e-01
   4.480000000000e-01
   4.620000000000e-01
   4.760000000000e-01
   4.900000000000e-01
   5.040000000000e-01
   5.180000000000e-01
   5.320000000000e-01
   5.460000000000e-01
   5.600000000000e-01
   5.740000000000e-01
   5.880000000000e-01
   6.020000000000e-01
   6.160000000000e-01
   6.300000000000e-01
   6.440000000000e-01
   6.580000000000e-01
   6.720000000000e-01
   6.860000000000e-01
   7.000000000000e-01
   7.140000000000e-01
   7.280000000000e-01
   7.420000000000e-01
   7.560000000000e-01
   7.700000000000e-01
   7.840000000000e-01
   7.980000000000e-01
   8.120000000000e-01
   8.260000000000e-01
   8.400000000000e-01
   8.540000000000e-01
   8.680000000000e-01
   8.820000000000e-01
   8.960000000000e-01
   9.100000000000e-01
   9.240000000000e-01
   9.380000000000e-01
   9.520000000000e-01
   9.660000000000e-01
   9.800000000000e-01
   9.940000000000e-01
   1.008000000000e+00
   1.022000000000e+00
   1.036000000000e+00
   1.050000000000e+00
   1.064000000000e+00
   1.078000000000e+00
   1.092000000000e+00
   1.106000000000e+00
   1.120000000000e+00
   1.134000000000e+00
   1.148000000000e+00
   1.162000000000e+00
   1.176000000000e+00
   1.190000000000e+00
   1.204000000000e+00
   1.218000000000e+00
   1.232000000000e+00
   1.246000000000e+00
   1.260000000000e+00
   1.274000000000e+00
   1.288000000000e+00
   1.302000000000e+00
   1.316000000000e+00
   1.330000000000e+00
   1.344000000000e+00
   1.358000000000e+00
   1.372000000000e+00
   1.386000000000e+00
   1.400000000000e+00
   1.414000000000e+00
   1.428000000000e+00
   1.442000000000e+00
   1.456000000000e+00
   1.470000000000e+00
   1.484000000000e+00
   1.498000000000e+00
   1.512000000000e+00
   1.526000000000e+00
   1.540000000000e+00
   1.554000000000e+00
   1.568000000000e+00
   1.582000000000e+00
   1.596000000000e+00
   1.610000000000e+00
   1.624000000000e+00
   1.638000000000e+00
   1.652000000000e+00
   1.666000000000e+00
   1.680000000000e+00
   1.694000000000e+00
   1.708000000000e+00
   1.722000000000e+00
   1.736000000000e+00
   1.750000000000e+00
   1.764000000000e+00
   1.778000000000e+00
   1.792000000000e+00
   1.806000000000e+00
   1.820000000000e+00
   1.834000000000e+00
   1.848000000000e+00
   1.862000000000e+00
   1.876000000000e+00
   1.890000000000e+00
   1.904000000000e+00
   1.918000000000e+00
   1.932000000000e+00
   1.946000000000e+00
   1.960000000000e+00
   1.974000000000e+00
   1.988000000000e+00
   2.002000000000e+00
   2.016000000000e+00
   2.030000000000e+00
   2.044000000000e+00
   2.058000000000e+00
   2.072000000000e+00
   2.086000000000e+00
   2.100000000000e+00
   2.114000000000e+00
   2.128000000000e+00
   2.142000000000e+00
   2.156000000000e+00
   2.170000000000e+00
   2.184000000000e+00
   2.198000000000e+00
   2.212000000000e+00
   2.226000000000e+00
   2.240000000000e+00
   2.254000000000e+00
   2.268000000000e+00
   2.282000000000e+00
   2.296000000000e+00
   2.310000000000e+00
   2.324000000000e+00
   2.338000000000e+00
   2.352000000000e+00
   2.366000000000e+00
   2.380000000000e+00
   2.394000000000e+00
   2.408000000000e+00
   2.422000000000e+00
   2.436000000000e+00
   2.450000000000e+00
   2.464000000000e+00
   2.478000000000e+00
   2.492000000000e+00
   2.506000000000e+00
   2.520000000000e+00
   2.534000000000e+00
   2.548000000000e+00
   2.562000000000e+00
   2.576000000000e+00
   2.590000000000e+00
   2.604000000000e+00
   2.618000000000e+00
   2.632000000000e+00
   2.646000000000e+00
   2.660000000000e+00
   2.674000000000e+00
   2.688000000000e+00
   2.702000000000e+00
   2.716000000000e+00
   2.730000000000e+00
   2.744000000000e+00
   2.758000000000e+00
   2.772000000000e+00
   2.786000000000e+00
   2.800000000000e+00
