ARMA_MAT_TXT_FN008
200 1
   4.379310344828e-02
   8.758620689655e-02
   1.313793103448e-01
   1.751724137931e-01
   2.189655172414e-01
   2.627586206897e-01
   3.065517241379e-01
   3.503448275862e-01
   3.941379310345e-01
   4.379310344828e-01
   4.817241379310e-01
   5.255172413793e-01
   5.693103448276e-01
   6.131034482759e-01
   6.568965517241e-01
   7.006896551724e-01
   7.444827586207e-01
   7.882758620690e-01
   8.320689655172e-01
   8.758620689655e-01
   9.196551724138e-01
   9.634482758621e-01
   1.007241379310e+00
   1.051034482759e+00
   1.094827586207e+00
   1.138620689655e+00
   1.182413793103e+00
   1.226206896552e+00
   1.270000000000e+00
   1.313793103448e+00
   1.357586206897e+00
   1.401379310345e+00
   1.445172413793e+00
   1.488965517241e+00
   1.532758620690e+00
   1.576551724138e+00
   1.620344827586e+00
   1.664137931034e+00
   1.707931034483e+00
   1.751724137931e+00
   1.795517241379e+00
   1.839310344828e+00
   1.883103448276e+00
   1.926896551724e+00
   1.970689655172e+00
   2.014482758621e+00
   2.058275862069e+00
   2.102068965517e+00
   2.145862068966e+00
   2.189655172414e+00
   2.233448275862e+00
   2.277241379310e+00
   2.321034482759e+00
   2.364827586207e+00
   2.408620689655e+00
   2.452413793103e+00
   2.496206896552e+00
   2.540000000000e+00
   2.583793103448e+00
   2.627586206897e+00
   2.671379310345e+00
   2.715172413793e+00
   2.758965517241e+00
   2.802758620690e+00
   2.846551724138e+00
   2.890344827586e+00
   2.934137931034e+00
   2.977931034483e+00
   3.021724137931e+00
   3.065517241379e+00
   3.109310344828e+00
   3.153103448276e+00
   3.196896551724e+00
   3.240689655172e+00
   3.284482758621e+00
   3.328275862069e+00
   3.372068965517e+00
   3.415862068966e+00
   3.459655172414e+00
   3.503448275862e+00
   3.547241379310e+00
   3.591034482759e+00
   3.634827586207e+00
   3.678620689655e+00
   3.722413793103e+00
   3.766206896552e+00
   3.810000000000e+00
   3.853793103448e+00
   3.897586206897e+00
   3.941379310345e+00
   3.985172413793e+00
   4.028965517241e+00
   4.072758620690e+00
   4.116551724138e+00
   4.160344827586e+00
   4.204137931034e+00
   4.247931034483e+00
   4.291724137931e+00
   4.335517241379e+00
   4.379310344828e+00
   4.423103448276e+00
   4.466896551724e+00
   4.510689655172e+00
   4.554482758621e+00
   4.598275862069e+00
   4.642068965517e+00
   4.685862068966e+00
   4.729655172414e+00
   4.773448275862e+00
   4.817241379310e+00
   4.861034482759e+00
   4.904827586207e+00
   4.948620689655e+00
   4.992413793103e+00
   5.036206896552e+00
   5.080000000000e+00
   5.123793103448e+00
   5.167586206897e+00
   5.211379310345e+00
   5.255172413793e+00
   5.298965517241e+00
   5.342758620690e+00
   5.386551724138e+00
   5.430344827586e+00
   5.474137931034e+00
   5.517931034483e+00
   5.561724137931e+00
   5.605517241379e+00
   5.649310344828e+00
   5.693103448276e+00
   5.736896551724e+00
   5.780689655172e+00
   5.824482758621e+00
   5.868275862069e+00
   5.912068965517e+00
   5.955862068966e+00
   5.999655172414e+00
   6.043448275862e+00
   6.087241379310e+00
   6.131034482759e+00
   6.174827586207e+00
   6.218620689655e+00
   6.262413793103e+00
   6.306206896552e+00
   6.350000000000e+00
   6.393793103448e+00
   6.437586206897e+00
   6.481379310345e+00
   6.525172413793e+00
   6.568965517241e+00
   6.612758620690e+00
   6.656551724138e+00
   6.700344827586e+00
   6.744137931034e+00
   6.787931034483e+00
   6.831724137931e+00
   6.875517241379e+00
   6.919310344828e+00
   6.963103448276e+00
   7.006896551724e+00
   7.050689655172e+00
   7.094482758621e+00
   7.138275862069e+00
   7.182068965517e+00
   7.225862068966e+00
   7.269655172414e+00
   7.313448275862e+00
   7.357241379310e+00
   7.401034482759e+00
   7.444827586207e+00
   7.488620689655e+00
   7.532413793103e+00
   7.576206896552e+00
   7.620000000000e+00
   7.663793103448e+00
   7.707586206897e+00
   7.751379310345e+00
   7.795172413793e+00
   7.838965517241e+00
   7.882758620690e+00
   7.926551724138e+00
   7.970344827586e+00
   8.014137931034e+00
   8.057931034483e+00
   8.101724137931e+00
   8.145517241379e+00
   8.189310344828e+00
   8.233103448276e+00
   8.276896551724e+00
   8.320689655172e+00
   8.364482758621e+00
   8.408275862069e+00
   8.452068965517e+00
   8.495862068966e+00
   8.539655172414e+00
   8.583448275862e+00
   8.627241379310e+00
   8.671034482759e+00
   8.714827586207e+00
   8.758620689655e+00
