ARMA_MAT_TXT_FN008
160 1
   2.564655172414e-02
   5.129310344828e-02
   7.693965517241e-02
   1.025862068966e-01
   1.282327586207e-01
   1.538793103448e-01
   1.795258620690e-01
   2.051724137931e-01
   2.308189655172e-01
   2.564655172414e-01
   2.821120689655e-01
   3.077586206897e-01
   3.334051724138e-01
   3.590517241379e-01
   3.846982758621e-01
   4.103448275862e-01
   4.359913793103e-01
   4.616379310345e-01
   4.872844827586e-01
   5.129310344828e-01
   5.385775862069e-01
   5.642241379310e-01
   5.898706896552e-01
   6.155172413793e-01
   6.411637931034e-01
   6.668103448276e-01
   6.924568965517e-01
   7.181034482759e-01
   7.437500000000e-01
   7.693965517241e-01
   7.950431034483e-01
   8.206896551724e-01
   8.463362068966e-01
   8.719827586207e-01
   8.976293103448e-01
   9.232758620690e-01
   9.489224137931e-01
   9.745689655172e-01
   1.000215517241e+00
   1.025862068966e+00
   1.051508620690e+00
   1.077155172414e+00
   1.102801724138e+00
   1.128448275862e+00
   1.154094827586e+00
   1.179741379310e+00
   1.205387931034e+00
   1.231034482759e+00
   1.256681034483e+00
   1.282327586207e+00
   1.307974137931e+00
   1.333620689655e+00
   1.359267241379e+00
   1.384913793103e+00
   1.410560344828e+00
   1.436206896552e+00
   1.461853448276e+00
   1.487500000000e+00
   1.513146551724e+00
   1.538793103448e+00
   1.564439655172e+00
   1.590086206897e+00
   1.615732758621e+00
   1.641379310345e+00
   1.667025862069e+00
   1.692672413793e+00
   1.718318965517e+00
   1.743965517241e+00
   1.769612068966e+00
   1.795258620690e+00
   1.820905172414e+00
   1.846551724138e+00
   1.872198275862e+00
   1.897844827586e+00
   1.923491379310e+00
   1.949137931034e+00
   1.974784482759e+00
   2.000431034483e+00
   2.026077586207e+00
   2.051724137931e+00
   2.077370689655e+00
   2.103017241379e+00
   2.128663793103e+00
   2.154310344828e+00
   2.179956896552e+00
   2.205603448276e+00
   2.231250000000e+00
   2.256896551724e+00
   2.282543103448e+00
   2.308189655172e+00
   2.333836206897e+00
   2.359482758621e+00
   2.385129310345e+00
   2.410775862069e+00
   2.436422413793e+00
   2.462068965517e+00
   2.487715517241e+00
   2.513362068966e+00
   2.539008620690e+00
   2.564655172414e+00
   2.590301724138e+00
   2.615948275862e+00
   2.641594827586e+00
   2.667241379310e+00
   2.692887931034e+00
   2.718534482759e+00
   2.744181034483e+00
   2.769827586207e+00
   2.795474137931e+00
   2.821120689655e+00
   2.846767241379e+00
   2.872413793103e+00
   2.898060344828e+00
   2.923706896552e+00
   2.949353448276e+00
   2.975000000000e+00
   3.000646551724e+00
   3.026293103448e+00
   3.051939655172e+00
   3.077586206897e+00
   3.103232758621e+00
   3.128879310345e+00
   3.154525862069e+00
   3.180172413793e+00
   3.205818965517e+00
   3.231465517241e+00
   3.257112068966e+00
   3.282758620690e+00
   3.308405172414e+00
   3.334051724138e+00
   3.359698275862e+00
   3.385344827586e+00
   3.410991379310e+00
   3.436637931034e+00
   3.462284482759e+00
   3.487931034483e+00
   3.513577586207e+00
   3.539224137931e+00
   3.564870689655e+00
   3.590517241379e+00
   3.616163793103e+00
   3.641810344828e+00
   3.667456896552e+00
   3.693103448276e+00
   3.718750000000e+00
   3.744396551724e+00
   3.770043103448e+00
   3.795689655172e+00
   3.821336206897e+00
   3.846982758621e+00
   3.872629310345e+00
   3.898275862069e+00
   3.923922413793e+00
   3.949568965517e+00
   3.975215517241e+00
   4.000862068966e+00
   4.026508620690e+00
   4.052155172414e+00
   4.077801724138e+00
   4.103448275862e+00
