ARMA_MAT_TXT_FN008
387 1
   2.503786866257e-02
   5.007573732514e-02
   7.511360598770e-02
   1.001514746503e-01
   1.251893433128e-01
   1.502272119754e-01
   1.752650806380e-01
   2.003029493005e-01
   2.253408179631e-01
   2.503786866257e-01
   2.754165552882e-01
   3.004544239508e-01
   3.254922926134e-01
   3.505301612760e-01
   3.755680299385e-01
   4.006058986011e-01
   4.256437672637e-01
   4.506816359262e-01
   4.757195045888e-01
   5.007573732514e-01
   5.257952419139e-01
   5.508331105765e-01
   5.758709792391e-01
   6.009088479016e-01
   6.259467165642e-01
   6.509845852268e-01
   6.760224538893e-01
   7.010603225519e-01
   7.260981912145e-01
   7.511360598770e-01
   7.761739285396e-01
   8.012117972022e-01
   8.262496658647e-01
   8.512875345273e-01
   8.763254031899e-01
   9.013632718524e-01
   9.264011405150e-01
   9.514390091776e-01
   9.764768778401e-01
   1.001514746503e+00
   1.026552615165e+00
   1.051590483828e+00
   1.076628352490e+00
   1.101666221153e+00
   1.126704089816e+00
   1.151741958478e+00
   1.176779827141e+00
   1.201817695803e+00
   1.226855564466e+00
   1.251893433128e+00
   1.276931301791e+00
   1.301969170454e+00
   1.327007039116e+00
   1.352044907779e+00
   1.377082776441e+00
   1.402120645104e+00
   1.427158513766e+00
   1.452196382429e+00
   1.477234251092e+00
   1.502272119754e+00
   1.527309988417e+00
   1.552347857079e+00
   1.577385725742e+00
   1.602423594404e+00
   1.627461463067e+00
   1.652499331729e+00
   1.677537200392e+00
   1.702575069055e+00
   1.727612937717e+00
   1.752650806380e+00
   1.777688675042e+00
   1.802726543705e+00
   1.827764412367e+00
   1.852802281030e+00
   1.877840149693e+00
   1.902878018355e+00
   1.927915887018e+00
   1.952953755680e+00
   1.977991624343e+00
   2.003029493005e+00
   2.028067361668e+00
   2.053105230331e+00
   2.078143098993e+00
   2.103180967656e+00
   2.128218836318e+00
   2.153256704981e+00
   2.178294573643e+00
   2.203332442306e+00
   2.228370310969e+00
   2.253408179631e+00
   2.278446048294e+00
   2.303483916956e+00
   2.328521785619e+00
   2.353559654281e+00
   2.378597522944e+00
   2.403635391607e+00
   2.428673260269e+00
   2.453711128932e+00
   2.478748997594e+00
   2.503786866257e+00
   2.528824734919e+00
   2.553862603582e+00
   2.578900472244e+00
   2.603938340907e+00
   2.628976209570e+00
   2.654014078232e+00
   2.679051946895e+00
   2.704089815557e+00
   2.729127684220e+00
   2.754165552882e+00
   2.779203421545e+00
   2.804241290208e+00
   2.829279158870e+00
   2.854317027533e+00
   2.879354896195e+00
   2.904392764858e+00
   2.929430633520e+00
   2.954468502183e+00
   2.979506370846e+00
   3.004544239508e+00
   3.029582108171e+00
   3.054619976833e+00
   3.079657845496e+00
   3.104695714158e+00
   3.129733582821e+00
   3.154771451484e+00
   3.179809320146e+00
   3.204847188809e+00
   3.229885057471e+00
   3.254922926134e+00
   3.279960794796e+00
   3.304998663459e+00
   3.330036532122e+00
   3.355074400784e+00
   3.380112269447e+00
   3.405150138109e+00
   3.430188006772e+00
   3.455225875434e+00
   3.480263744097e+00
   3.505301612760e+00
   3.530339481422e+00
   3.555377350085e+00
   3.580415218747e+00
   3.605453087410e+00
   3.630490956072e+00
   3.655528824735e+00
   3.680566693397e+00
   3.705604562060e+00
   3.730642430723e+00
   3.755680299385e+00
   3.780718168048e+00
   3.805756036710e+00
   3.830793905373e+00
   3.855831774035e+00
   3.880869642698e+00
   3.905907511361e+00
   3.930945380023e+00
   3.955983248686e+00
   3.981021117348e+00
   4.006058986011e+00
   4.031096854673e+00
   4.056134723336e+00
   4.081172591999e+00
   4.106210460661e+00
   4.131248329324e+00
   4.156286197986e+00
   4.181324066649e+00
   4.206361935311e+00
   4.231399803974e+00
   4.256437672637e+00
   4.281475541299e+00
   4.306513409962e+00
   4.331551278624e+00
   4.356589147287e+00
   4.381627015949e+00
   4.406664884612e+00
   4.431702753275e+00
   4.456740621937e+00
   4.481778490600e+00
   4.506816359262e+00
   4.531854227925e+00
   4.556892096587e+00
   4.581929965250e+00
   4.606967833913e+00
   4.632005702575e+00
   4.657043571238e+00
   4.682081439900e+00
   4.707119308563e+00
   4.732157177225e+00
   4.757195045888e+00
   4.782232914550e+00
   4.807270783213e+00
   4.832308651876e+00
   4.857346520538e+00
   4.882384389201e+00
   4.907422257863e+00
   4.932460126526e+00
   4.957497995188e+00
   4.982535863851e+00
   5.007573732514e+00
   5.032611601176e+00
   5.057649469839e+00
   5.082687338501e+00
   5.107725207164e+00
   5.132763075826e+00
   5.157800944489e+00
   5.182838813152e+00
   5.207876681814e+00
   5.232914550477e+00
   5.257952419139e+00
   5.282990287802e+00
   5.308028156464e+00
   5.333066025127e+00
   5.358103893790e+00
   5.383141762452e+00
   5.408179631115e+00
   5.433217499777e+00
   5.458255368440e+00
   5.483293237102e+00
   5.508331105765e+00
   5.533368974428e+00
   5.558406843090e+00
   5.583444711753e+00
   5.608482580415e+00
   5.633520449078e+00
   5.658558317740e+00
   5.683596186403e+00
   5.708634055065e+00
   5.733671923728e+00
   5.758709792391e+00
   5.783747661053e+00
   5.808785529716e+00
   5.833823398378e+00
   5.858861267041e+00
   5.883899135703e+00
   5.908937004366e+00
   5.933974873029e+00
   5.959012741691e+00
   5.984050610354e+00
   6.009088479016e+00
   6.034126347679e+00
   6.059164216341e+00
   6.084202085004e+00
   6.109239953667e+00
   6.134277822329e+00
   6.159315690992e+00
   6.184353559654e+00
   6.209391428317e+00
   6.234429296979e+00
   6.259467165642e+00
   6.284505034305e+00
   6.309542902967e+00
   6.334580771630e+00
   6.359618640292e+00
   6.384656508955e+00
   6.409694377617e+00
   6.434732246280e+00
   6.459770114943e+00
   6.484807983605e+00
   6.509845852268e+00
   6.534883720930e+00
   6.559921589593e+00
   6.584959458255e+00
   6.609997326918e+00
   6.635035195581e+00
   6.660073064243e+00
   6.685110932906e+00
   6.710148801568e+00
   6.735186670231e+00
   6.760224538893e+00
   6.785262407556e+00
   6.810300276218e+00
   6.835338144881e+00
   6.860376013544e+00
   6.885413882206e+00
   6.910451750869e+00
   6.935489619531e+00
   6.960527488194e+00
   6.985565356856e+00
   7.010603225519e+00
   7.035641094182e+00
   7.060678962844e+00
   7.085716831507e+00
   7.110754700169e+00
   7.135792568832e+00
   7.160830437494e+00
   7.185868306157e+00
   7.210906174820e+00
   7.235944043482e+00
   7.260981912145e+00
   7.286019780807e+00
   7.311057649470e+00
   7.336095518132e+00
   7.361133386795e+00
   7.386171255458e+00
   7.411209124120e+00
   7.436246992783e+00
   7.461284861445e+00
   7.486322730108e+00
   7.511360598770e+00
   7.536398467433e+00
   7.561436336096e+00
   7.586474204758e+00
   7.611512073421e+00
   7.636549942083e+00
   7.661587810746e+00
   7.686625679408e+00
   7.711663548071e+00
   7.736701416733e+00
   7.761739285396e+00
   7.786777154059e+00
   7.811815022721e+00
   7.836852891384e+00
   7.861890760046e+00
   7.886928628709e+00
   7.911966497371e+00
   7.937004366034e+00
   7.962042234697e+00
   7.987080103359e+00
   8.012117972022e+00
   8.037155840684e+00
   8.062193709347e+00
   8.087231578009e+00
   8.112269446672e+00
   8.137307315335e+00
   8.162345183997e+00
   8.187383052660e+00
   8.212420921322e+00
   8.237458789985e+00
   8.262496658647e+00
   8.287534527310e+00
   8.312572395973e+00
   8.337610264635e+00
   8.362648133298e+00
   8.387686001960e+00
   8.412723870623e+00
   8.437761739285e+00
   8.462799607948e+00
   8.487837476611e+00
   8.512875345273e+00
   8.537913213936e+00
   8.562951082598e+00
   8.587988951261e+00
   8.613026819923e+00
   8.638064688586e+00
   8.663102557249e+00
   8.688140425911e+00
   8.713178294574e+00
   8.738216163236e+00
   8.763254031899e+00
   8.788291900561e+00
   8.813329769224e+00
   8.838367637886e+00
   8.863405506549e+00
   8.888443375212e+00
   8.913481243874e+00
   8.938519112537e+00
   8.963556981199e+00
   8.988594849862e+00
   9.013632718524e+00
   9.038670587187e+00
   9.063708455850e+00
   9.088746324512e+00
   9.113784193175e+00
   9.138822061837e+00
   9.163859930500e+00
   9.188897799162e+00
   9.213935667825e+00
   9.238973536488e+00
   9.264011405150e+00
   9.289049273813e+00
   9.314087142475e+00
   9.339125011138e+00
   9.364162879800e+00
   9.389200748463e+00
   9.414238617126e+00
   9.439276485788e+00
   9.464314354451e+00
   9.489352223113e+00
   9.514390091776e+00
   9.539427960438e+00
   9.564465829101e+00
   9.589503697764e+00
   9.614541566426e+00
   9.639579435089e+00
   9.664617303751e+00
   9.689655172414e+00
