ARMA_MAT_TXT_FN008
64 1
   2.532327586207e-02
   5.064655172414e-02
   7.596982758621e-02
   1.012931034483e-01
   1.266163793103e-01
   1.519396551724e-01
   1.772629310345e-01
   2.025862068966e-01
   2.279094827586e-01
   2.532327586207e-01
   2.785560344828e-01
   3.038793103448e-01
   3.292025862069e-01
   3.545258620690e-01
   3.798491379310e-01
   4.051724137931e-01
   4.304956896552e-01
   4.558189655172e-01
   4.811422413793e-01
   5.064655172414e-01
   5.317887931034e-01
   5.571120689655e-01
   5.824353448276e-01
   6.077586206897e-01
   6.330818965517e-01
   6.584051724138e-01
   6.837284482759e-01
   7.090517241379e-01
   7.343750000000e-01
   7.596982758621e-01
   7.850215517241e-01
   8.103448275862e-01
   8.356681034483e-01
   8.609913793103e-01
   8.863146551724e-01
   9.116379310345e-01
   9.369612068966e-01
   9.622844827586e-01
   9.876077586207e-01
   1.012931034483e+00
   1.038254310345e+00
   1.063577586207e+00
   1.088900862069e+00
   1.114224137931e+00
   1.139547413793e+00
   1.164870689655e+00
   1.190193965517e+00
   1.215517241379e+00
   1.240840517241e+00
   1.266163793103e+00
   1.291487068966e+00
   1.316810344828e+00
   1.342133620690e+00
   1.367456896552e+00
   1.392780172414e+00
   1.418103448276e+00
   1.443426724138e+00
   1.468750000000e+00
   1.494073275862e+00
   1.519396551724e+00
   1.544719827586e+00
   1.570043103448e+00
   1.595366379310e+00
   1.620689655172e+00
