ARMA_MAT_TXT_FN008
263 1
   2.504261177396e-02
   5.008522354792e-02
   7.512783532188e-02
   1.001704470958e-01
   1.252130588698e-01
   1.502556706438e-01
   1.752982824177e-01
   2.003408941917e-01
   2.253835059656e-01
   2.504261177396e-01
   2.754687295136e-01
   3.005113412875e-01
   3.255539530615e-01
   3.505965648355e-01
   3.756391766094e-01
   4.006817883834e-01
   4.257244001573e-01
   4.507670119313e-01
   4.758096237053e-01
   5.008522354792e-01
   5.258948472532e-01
   5.509374590271e-01
   5.759800708011e-01
   6.010226825751e-01
   6.260652943490e-01
   6.511079061230e-01
   6.761505178969e-01
   7.011931296709e-01
   7.262357414449e-01
   7.512783532188e-01
   7.763209649928e-01
   8.013635767667e-01
   8.264061885407e-01
   8.514488003147e-01
   8.764914120886e-01
   9.015340238626e-01
   9.265766356366e-01
   9.516192474105e-01
   9.766618591845e-01
   1.001704470958e+00
   1.026747082732e+00
   1.051789694506e+00
   1.076832306280e+00
   1.101874918054e+00
   1.126917529828e+00
   1.151960141602e+00
   1.177002753376e+00
   1.202045365150e+00
   1.227087976924e+00
   1.252130588698e+00
   1.277173200472e+00
   1.302215812246e+00
   1.327258424020e+00
   1.352301035794e+00
   1.377343647568e+00
   1.402386259342e+00
   1.427428871116e+00
   1.452471482890e+00
   1.477514094664e+00
   1.502556706438e+00
   1.527599318212e+00
   1.552641929986e+00
   1.577684541760e+00
   1.602727153533e+00
   1.627769765307e+00
   1.652812377081e+00
   1.677854988855e+00
   1.702897600629e+00
   1.727940212403e+00
   1.752982824177e+00
   1.778025435951e+00
   1.803068047725e+00
   1.828110659499e+00
   1.853153271273e+00
   1.878195883047e+00
   1.903238494821e+00
   1.928281106595e+00
   1.953323718369e+00
   1.978366330143e+00
   2.003408941917e+00
   2.028451553691e+00
   2.053494165465e+00
   2.078536777239e+00
   2.103579389013e+00
   2.128622000787e+00
   2.153664612561e+00
   2.178707224335e+00
   2.203749836109e+00
   2.228792447883e+00
   2.253835059656e+00
   2.278877671430e+00
   2.303920283204e+00
   2.328962894978e+00
   2.354005506752e+00
   2.379048118526e+00
   2.404090730300e+00
   2.429133342074e+00
   2.454175953848e+00
   2.479218565622e+00
   2.504261177396e+00
   2.529303789170e+00
   2.554346400944e+00
   2.579389012718e+00
   2.604431624492e+00
   2.629474236266e+00
   2.654516848040e+00
   2.679559459814e+00
   2.704602071588e+00
   2.729644683362e+00
   2.754687295136e+00
   2.779729906910e+00
   2.804772518684e+00
   2.829815130458e+00
   2.854857742232e+00
   2.879900354006e+00
   2.904942965779e+00
   2.929985577553e+00
   2.955028189327e+00
   2.980070801101e+00
   3.005113412875e+00
   3.030156024649e+00
   3.055198636423e+00
   3.080241248197e+00
   3.105283859971e+00
   3.130326471745e+00
   3.155369083519e+00
   3.180411695293e+00
   3.205454307067e+00
   3.230496918841e+00
   3.255539530615e+00
   3.280582142389e+00
   3.305624754163e+00
   3.330667365937e+00
   3.355709977711e+00
   3.380752589485e+00
   3.405795201259e+00
   3.430837813033e+00
   3.455880424807e+00
   3.480923036581e+00
   3.505965648355e+00
   3.531008260128e+00
   3.556050871902e+00
   3.581093483676e+00
   3.606136095450e+00
   3.631178707224e+00
   3.656221318998e+00
   3.681263930772e+00
   3.706306542546e+00
   3.731349154320e+00
   3.756391766094e+00
   3.781434377868e+00
   3.806476989642e+00
   3.831519601416e+00
   3.856562213190e+00
   3.881604824964e+00
   3.906647436738e+00
   3.931690048512e+00
   3.956732660286e+00
   3.981775272060e+00
   4.006817883834e+00
   4.031860495608e+00
   4.056903107382e+00
   4.081945719156e+00
   4.106988330930e+00
   4.132030942704e+00
   4.157073554478e+00
   4.182116166251e+00
   4.207158778025e+00
   4.232201389799e+00
   4.257244001573e+00
   4.282286613347e+00
   4.307329225121e+00
   4.332371836895e+00
   4.357414448669e+00
   4.382457060443e+00
   4.407499672217e+00
   4.432542283991e+00
   4.457584895765e+00
   4.482627507539e+00
   4.507670119313e+00
   4.532712731087e+00
   4.557755342861e+00
   4.582797954635e+00
   4.607840566409e+00
   4.632883178183e+00
   4.657925789957e+00
   4.682968401731e+00
   4.708011013505e+00
   4.733053625279e+00
   4.758096237053e+00
   4.783138848827e+00
   4.808181460600e+00
   4.833224072374e+00
   4.858266684148e+00
   4.883309295922e+00
   4.908351907696e+00
   4.933394519470e+00
   4.958437131244e+00
   4.983479743018e+00
   5.008522354792e+00
   5.033564966566e+00
   5.058607578340e+00
   5.083650190114e+00
   5.108692801888e+00
   5.133735413662e+00
   5.158778025436e+00
   5.183820637210e+00
   5.208863248984e+00
   5.233905860758e+00
   5.258948472532e+00
   5.283991084306e+00
   5.309033696080e+00
   5.334076307854e+00
   5.359118919628e+00
   5.384161531402e+00
   5.409204143176e+00
   5.434246754950e+00
   5.459289366723e+00
   5.484331978497e+00
   5.509374590271e+00
   5.534417202045e+00
   5.559459813819e+00
   5.584502425593e+00
   5.609545037367e+00
   5.634587649141e+00
   5.659630260915e+00
   5.684672872689e+00
   5.709715484463e+00
   5.734758096237e+00
   5.759800708011e+00
   5.784843319785e+00
   5.809885931559e+00
   5.834928543333e+00
   5.859971155107e+00
   5.885013766881e+00
   5.910056378655e+00
   5.935098990429e+00
   5.960141602203e+00
   5.985184213977e+00
   6.010226825751e+00
   6.035269437525e+00
   6.060312049299e+00
   6.085354661073e+00
   6.110397272846e+00
   6.135439884620e+00
   6.160482496394e+00
   6.185525108168e+00
   6.210567719942e+00
   6.235610331716e+00
   6.260652943490e+00
   6.285695555264e+00
   6.310738167038e+00
   6.335780778812e+00
   6.360823390586e+00
   6.385866002360e+00
   6.410908614134e+00
   6.435951225908e+00
   6.460993837682e+00
   6.486036449456e+00
   6.511079061230e+00
   6.536121673004e+00
   6.561164284778e+00
   6.586206896552e+00
