ARMA_MAT_TXT_FN008
160 1
   2.952586206897e-02
   5.905172413793e-02
   8.857758620690e-02
   1.181034482759e-01
   1.476293103448e-01
   1.771551724138e-01
   2.066810344828e-01
   2.362068965517e-01
   2.657327586207e-01
   2.952586206897e-01
   3.247844827586e-01
   3.543103448276e-01
   3.838362068966e-01
   4.133620689655e-01
   4.428879310345e-01
   4.724137931034e-01
   5.019396551724e-01
   5.314655172414e-01
   5.609913793103e-01
   5.905172413793e-01
   6.200431034483e-01
   6.495689655172e-01
   6.790948275862e-01
   7.086206896552e-01
   7.381465517241e-01
   7.676724137931e-01
   7.971982758621e-01
   8.267241379310e-01
   8.562500000000e-01
   8.857758620690e-01
   9.153017241379e-01
   9.448275862069e-01
   9.743534482759e-01
   1.003879310345e+00
   1.033405172414e+00
   1.062931034483e+00
   1.092456896552e+00
   1.121982758621e+00
   1.151508620690e+00
   1.181034482759e+00
   1.210560344828e+00
   1.240086206897e+00
   1.269612068966e+00
   1.299137931034e+00
   1.328663793103e+00
   1.358189655172e+00
   1.387715517241e+00
   1.417241379310e+00
   1.446767241379e+00
   1.476293103448e+00
   1.505818965517e+00
   1.535344827586e+00
   1.564870689655e+00
   1.594396551724e+00
   1.623922413793e+00
   1.653448275862e+00
   1.682974137931e+00
   1.712500000000e+00
   1.742025862069e+00
   1.771551724138e+00
   1.801077586207e+00
   1.830603448276e+00
   1.860129310345e+00
   1.889655172414e+00
   1.919181034483e+00
   1.948706896552e+00
   1.978232758621e+00
   2.007758620690e+00
   2.037284482759e+00
   2.066810344828e+00
   2.096336206897e+00
   2.125862068966e+00
   2.155387931034e+00
   2.184913793103e+00
   2.214439655172e+00
   2.243965517241e+00
   2.273491379310e+00
   2.303017241379e+00
   2.332543103448e+00
   2.362068965517e+00
   2.391594827586e+00
   2.421120689655e+00
   2.450646551724e+00
   2.480172413793e+00
   2.509698275862e+00
   2.539224137931e+00
   2.568750000000e+00
   2.598275862069e+00
   2.627801724138e+00
   2.657327586207e+00
   2.686853448276e+00
   2.716379310345e+00
   2.745905172414e+00
   2.775431034483e+00
   2.804956896552e+00
   2.834482758621e+00
   2.864008620690e+00
   2.893534482759e+00
   2.923060344828e+00
   2.952586206897e+00
   2.982112068966e+00
   3.011637931034e+00
   3.041163793103e+00
   3.070689655172e+00
   3.100215517241e+00
   3.129741379310e+00
   3.159267241379e+00
   3.188793103448e+00
   3.218318965517e+00
   3.247844827586e+00
   3.277370689655e+00
   3.306896551724e+00
   3.336422413793e+00
   3.365948275862e+00
   3.395474137931e+00
   3.425000000000e+00
   3.454525862069e+00
   3.484051724138e+00
   3.513577586207e+00
   3.543103448276e+00
   3.572629310345e+00
   3.602155172414e+00
   3.631681034483e+00
   3.661206896552e+00
   3.690732758621e+00
   3.720258620690e+00
   3.749784482759e+00
   3.779310344828e+00
   3.808836206897e+00
   3.838362068966e+00
   3.867887931034e+00
   3.897413793103e+00
   3.926939655172e+00
   3.956465517241e+00
   3.985991379310e+00
   4.015517241379e+00
   4.045043103448e+00
   4.074568965517e+00
   4.104094827586e+00
   4.133620689655e+00
   4.163146551724e+00
   4.192672413793e+00
   4.222198275862e+00
   4.251724137931e+00
   4.281250000000e+00
   4.310775862069e+00
   4.340301724138e+00
   4.369827586207e+00
   4.399353448276e+00
   4.428879310345e+00
   4.458405172414e+00
   4.487931034483e+00
   4.517456896552e+00
   4.546982758621e+00
   4.576508620690e+00
   4.606034482759e+00
   4.635560344828e+00
   4.665086206897e+00
   4.694612068966e+00
   4.724137931034e+00
