ARMA_MAT_TXT_FN008
200 1
   3.603448275862e-02
   7.206896551724e-02
   1.081034482759e-01
   1.441379310345e-01
   1.801724137931e-01
   2.162068965517e-01
   2.522413793103e-01
   2.882758620690e-01
   3.243103448276e-01
   3.603448275862e-01
   3.963793103448e-01
   4.324137931034e-01
   4.684482758621e-01
   5.044827586207e-01
   5.405172413793e-01
   5.765517241379e-01
   6.125862068966e-01
   6.486206896552e-01
   6.846551724138e-01
   7.206896551724e-01
   7.567241379310e-01
   7.927586206897e-01
   8.287931034483e-01
   8.648275862069e-01
   9.008620689655e-01
   9.368965517241e-01
   9.729310344828e-01
   1.008965517241e+00
   1.045000000000e+00
   1.081034482759e+00
   1.117068965517e+00
   1.153103448276e+00
   1.189137931034e+00
   1.225172413793e+00
   1.261206896552e+00
   1.297241379310e+00
   1.333275862069e+00
   1.369310344828e+00
   1.405344827586e+00
   1.441379310345e+00
   1.477413793103e+00
   1.513448275862e+00
   1.549482758621e+00
   1.585517241379e+00
   1.621551724138e+00
   1.657586206897e+00
   1.693620689655e+00
   1.729655172414e+00
   1.765689655172e+00
   1.801724137931e+00
   1.837758620690e+00
   1.873793103448e+00
   1.909827586207e+00
   1.945862068966e+00
   1.981896551724e+00
   2.017931034483e+00
   2.053965517241e+00
   2.090000000000e+00
   2.126034482759e+00
   2.162068965517e+00
   2.198103448276e+00
   2.234137931034e+00
   2.270172413793e+00
   2.306206896552e+00
   2.342241379310e+00
   2.378275862069e+00
   2.414310344828e+00
   2.450344827586e+00
   2.486379310345e+00
   2.522413793103e+00
   2.558448275862e+00
   2.594482758621e+00
   2.630517241379e+00
   2.666551724138e+00
   2.702586206897e+00
   2.738620689655e+00
   2.774655172414e+00
   2.810689655172e+00
   2.846724137931e+00
   2.882758620690e+00
   2.918793103448e+00
   2.954827586207e+00
   2.990862068966e+00
   3.026896551724e+00
   3.062931034483e+00
   3.098965517241e+00
   3.135000000000e+00
   3.171034482759e+00
   3.207068965517e+00
   3.243103448276e+00
   3.279137931034e+00
   3.315172413793e+00
   3.351206896552e+00
   3.387241379310e+00
   3.423275862069e+00
   3.459310344828e+00
   3.495344827586e+00
   3.531379310345e+00
   3.567413793103e+00
   3.603448275862e+00
   3.639482758621e+00
   3.675517241379e+00
   3.711551724138e+00
   3.747586206897e+00
   3.783620689655e+00
   3.819655172414e+00
   3.855689655172e+00
   3.891724137931e+00
   3.927758620690e+00
   3.963793103448e+00
   3.999827586207e+00
   4.035862068966e+00
   4.071896551724e+00
   4.107931034483e+00
   4.143965517241e+00
   4.180000000000e+00
   4.216034482759e+00
   4.252068965517e+00
   4.288103448276e+00
   4.324137931034e+00
   4.360172413793e+00
   4.396206896552e+00
   4.432241379310e+00
   4.468275862069e+00
   4.504310344828e+00
   4.540344827586e+00
   4.576379310345e+00
   4.612413793103e+00
   4.648448275862e+00
   4.684482758621e+00
   4.720517241379e+00
   4.756551724138e+00
   4.792586206897e+00
   4.828620689655e+00
   4.864655172414e+00
   4.900689655172e+00
   4.936724137931e+00
   4.972758620690e+00
   5.008793103448e+00
   5.044827586207e+00
   5.080862068966e+00
   5.116896551724e+00
   5.152931034483e+00
   5.188965517241e+00
   5.225000000000e+00
   5.261034482759e+00
   5.297068965517e+00
   5.333103448276e+00
   5.369137931034e+00
   5.405172413793e+00
   5.441206896552e+00
   5.477241379310e+00
   5.513275862069e+00
   5.549310344828e+00
   5.585344827586e+00
   5.621379310345e+00
   5.657413793103e+00
   5.693448275862e+00
   5.729482758621e+00
   5.765517241379e+00
   5.801551724138e+00
   5.837586206897e+00
   5.873620689655e+00
   5.909655172414e+00
   5.945689655172e+00
   5.981724137931e+00
   6.017758620690e+00
   6.053793103448e+00
   6.089827586207e+00
   6.125862068966e+00
   6.161896551724e+00
   6.197931034483e+00
   6.233965517241e+00
   6.270000000000e+00
   6.306034482759e+00
   6.342068965517e+00
   6.378103448276e+00
   6.414137931034e+00
   6.450172413793e+00
   6.486206896552e+00
   6.522241379310e+00
   6.558275862069e+00
   6.594310344828e+00
   6.630344827586e+00
   6.666379310345e+00
   6.702413793103e+00
   6.738448275862e+00
   6.774482758621e+00
   6.810517241379e+00
   6.846551724138e+00
   6.882586206897e+00
   6.918620689655e+00
   6.954655172414e+00
   6.990689655172e+00
   7.026724137931e+00
   7.062758620690e+00
   7.098793103448e+00
   7.134827586207e+00
   7.170862068966e+00
   7.206896551724e+00
