ARMA_MAT_TXT_FN008
200 1
   1.431034482759e-02
   2.862068965517e-02
   4.293103448276e-02
   5.724137931034e-02
   7.155172413793e-02
   8.586206896552e-02
   1.001724137931e-01
   1.144827586207e-01
   1.287931034483e-01
   1.431034482759e-01
   1.574137931034e-01
   1.717241379310e-01
   1.860344827586e-01
   2.003448275862e-01
   2.146551724138e-01
   2.289655172414e-01
   2.432758620690e-01
   2.575862068966e-01
   2.718965517241e-01
   2.862068965517e-01
   3.005172413793e-01
   3.148275862069e-01
   3.291379310345e-01
   3.434482758621e-01
   3.577586206897e-01
   3.720689655172e-01
   3.863793103448e-01
   4.006896551724e-01
   4.150000000000e-01
   4.293103448276e-01
   4.436206896552e-01
   4.579310344828e-01
   4.722413793103e-01
   4.865517241379e-01
   5.008620689655e-01
   5.151724137931e-01
   5.294827586207e-01
   5.437931034483e-01
   5.581034482759e-01
   5.724137931034e-01
   5.867241379310e-01
   6.010344827586e-01
   6.153448275862e-01
   6.296551724138e-01
   6.439655172414e-01
   6.582758620690e-01
   6.725862068966e-01
   6.868965517241e-01
   7.012068965517e-01
   7.155172413793e-01
   7.298275862069e-01
   7.441379310345e-01
   7.584482758621e-01
   7.727586206897e-01
   7.870689655172e-01
   8.013793103448e-01
   8.156896551724e-01
   8.300000000000e-01
   8.443103448276e-01
   8.586206896552e-01
   8.729310344828e-01
   8.872413793103e-01
   9.015517241379e-01
   9.158620689655e-01
   9.301724137931e-01
   9.444827586207e-01
   9.587931034483e-01
   9.731034482759e-01
   9.874137931034e-01
   1.001724137931e+00
   1.016034482759e+00
   1.030344827586e+00
   1.044655172414e+00
   1.058965517241e+00
   1.073275862069e+00
   1.087586206897e+00
   1.101896551724e+00
   1.116206896552e+00
   1.130517241379e+00
   1.144827586207e+00
   1.159137931034e+00
   1.173448275862e+00
   1.187758620690e+00
   1.202068965517e+00
   1.216379310345e+00
   1.230689655172e+00
   1.245000000000e+00
   1.259310344828e+00
   1.273620689655e+00
   1.287931034483e+00
   1.302241379310e+00
   1.316551724138e+00
   1.330862068966e+00
   1.345172413793e+00
   1.359482758621e+00
   1.373793103448e+00
   1.388103448276e+00
   1.402413793103e+00
   1.416724137931e+00
   1.431034482759e+00
   1.445344827586e+00
   1.459655172414e+00
   1.473965517241e+00
   1.488275862069e+00
   1.502586206897e+00
   1.516896551724e+00
   1.531206896552e+00
   1.545517241379e+00
   1.559827586207e+00
   1.574137931034e+00
   1.588448275862e+00
   1.602758620690e+00
   1.617068965517e+00
   1.631379310345e+00
   1.645689655172e+00
   1.660000000000e+00
   1.674310344828e+00
   1.688620689655e+00
   1.702931034483e+00
   1.717241379310e+00
   1.731551724138e+00
   1.745862068966e+00
   1.760172413793e+00
   1.774482758621e+00
   1.788793103448e+00
   1.803103448276e+00
   1.817413793103e+00
   1.831724137931e+00
   1.846034482759e+00
   1.860344827586e+00
   1.874655172414e+00
   1.888965517241e+00
   1.903275862069e+00
   1.917586206897e+00
   1.931896551724e+00
   1.946206896552e+00
   1.960517241379e+00
   1.974827586207e+00
   1.989137931034e+00
   2.003448275862e+00
   2.017758620690e+00
   2.032068965517e+00
   2.046379310345e+00
   2.060689655172e+00
   2.075000000000e+00
   2.089310344828e+00
   2.103620689655e+00
   2.117931034483e+00
   2.132241379310e+00
   2.146551724138e+00
   2.160862068966e+00
   2.175172413793e+00
   2.189482758621e+00
   2.203793103448e+00
   2.218103448276e+00
   2.232413793103e+00
   2.246724137931e+00
   2.261034482759e+00
   2.275344827586e+00
   2.289655172414e+00
   2.303965517241e+00
   2.318275862069e+00
   2.332586206897e+00
   2.346896551724e+00
   2.361206896552e+00
   2.375517241379e+00
   2.389827586207e+00
   2.404137931034e+00
   2.418448275862e+00
   2.432758620690e+00
   2.447068965517e+00
   2.461379310345e+00
   2.475689655172e+00
   2.490000000000e+00
   2.504310344828e+00
   2.518620689655e+00
   2.532931034483e+00
   2.547241379310e+00
   2.561551724138e+00
   2.575862068966e+00
   2.590172413793e+00
   2.604482758621e+00
   2.618793103448e+00
   2.633103448276e+00
   2.647413793103e+00
   2.661724137931e+00
   2.676034482759e+00
   2.690344827586e+00
   2.704655172414e+00
   2.718965517241e+00
   2.733275862069e+00
   2.747586206897e+00
   2.761896551724e+00
   2.776206896552e+00
   2.790517241379e+00
   2.804827586207e+00
   2.819137931034e+00
   2.833448275862e+00
   2.847758620690e+00
   2.862068965517e+00
