ARMA_MAT_TXT_FN008
200 1
   9.500000000000e-03
   1.900000000000e-02
   2.850000000000e-02
   3.800000000000e-02
   4.750000000000e-02
   5.700000000000e-02
   6.650000000000e-02
   7.600000000000e-02
   8.550000000000e-02
   9.500000000000e-02
   1.045000000000e-01
   1.140000000000e-01
   1.235000000000e-01
   1.330000000000e-01
   1.425000000000e-01
   1.520000000000e-01
   1.615000000000e-01
   1.710000000000e-01
   1.805000000000e-01
   1.900000000000e-01
   1.995000000000e-01
   2.090000000000e-01
   2.185000000000e-01
   2.280000000000e-01
   2.375000000000e-01
   2.470000000000e-01
   2.565000000000e-01
   2.660000000000e-01
   2.755000000000e-01
   2.850000000000e-01
   2.945000000000e-01
   3.040000000000e-01
   3.135000000000e-01
   3.230000000000e-01
   3.325000000000e-01
   3.420000000000e-01
   3.515000000000e-01
   3.610000000000e-01
   3.705000000000e-01
   3.800000000000e-01
   3.895000000000e-01
   3.990000000000e-01
   4.085000000000e-01
   4.180000000000e-01
   4.275000000000e-01
   4.370000000000e-01
   4.465000000000e-01
   4.560000000000e-01
   4.655000000000e-01
   4.750000000000e-01
   4.845000000000e-01
   4.940000000000e-01
   5.035000000000e-01
   5.130000000000e-01
   5.225000000000e-01
   5.320000000000e-01
   5.415000000000e-01
   5.510000000000e-01
   5.605000000000e-01
   5.700000000000e-01
   5.795000000000e-01
   5.890000000000e-01
   5.985000000000e-01
   6.080000000000e-01
   6.175000000000e-01
   6.270000000000e-01
   6.365000000000e-01
   6.460000000000e-01
   6.555000000000e-01
   6.650000000000e-01
   6.745000000000e-01
   6.840000000000e-01
   6.935000000000e-01
   7.030000000000e-01
   7.125000000000e-01
   7.220000000000e-01
   7.315000000000e-01
   7.410000000000e-01
   7.505000000000e-01
   7.600000000000e-01
   7.695000000000e-01
   7.790000000000e-01
   7.885000000000e-01
   7.980000000000e-01
   8.075000000000e-01
   8.170000000000e-01
   8.265000000000e-01
   8.360000000000e-01
   8.455000000000e-01
   8.550000000000e-01
   8.645000000000e-01
   8.740000000000e-01
   8.835000000000e-01
   8.930000000000e-01
   9.025000000000e-01
   9.120000000000e-01
   9.215000000000e-01
   9.310000000000e-01
   9.405000000000e-01
   9.500000000000e-01
   9.595000000000e-01
   9.690000000000e-01
   9.785000000000e-01
   9.880000000000e-01
   9.975000000000e-01
   1.007000000000e+00
   1.016500000000e+00
   1.026000000000e+00
   1.035500000000e+00
   1.045000000000e+00
   1.054500000000e+00
   1.064000000000e+00
   1.073500000000e+00
   1.083000000000e+00
   1.092500000000e+00
   1.102000000000e+00
   1.111500000000e+00
   1.121000000000e+00
   1.130500000000e+00
   1.140000000000e+00
   1.149500000000e+00
   1.159000000000e+00
   1.168500000000e+00
   1.178000000000e+00
   1.187500000000e+00
   1.197000000000e+00
   1.206500000000e+00
   1.216000000000e+00
   1.225500000000e+00
   1.235000000000e+00
   1.244500000000e+00
   1.254000000000e+00
   1.263500000000e+00
   1.273000000000e+00
   1.282500000000e+00
   1.292000000000e+00
   1.301500000000e+00
   1.311000000000e+00
   1.320500000000e+00
   1.330000000000e+00
   1.339500000000e+00
   1.349000000000e+00
   1.358500000000e+00
   1.368000000000e+00
   1.377500000000e+00
   1.387000000000e+00
   1.396500000000e+00
   1.406000000000e+00
   1.415500000000e+00
   1.425000000000e+00
   1.434500000000e+00
   1.444000000000e+00
   1.453500000000e+00
   1.463000000000e+00
   1.472500000000e+00
   1.482000000000e+00
   1.491500000000e+00
   1.501000000000e+00
   1.510500000000e+00
   1.520000000000e+00
   1.529500000000e+00
   1.539000000000e+00
   1.548500000000e+00
   1.558000000000e+00
   1.567500000000e+00
   1.577000000000e+00
   1.586500000000e+00
   1.596000000000e+00
   1.605500000000e+00
   1.615000000000e+00
   1.624500000000e+00
   1.634000000000e+00
   1.643500000000e+00
   1.653000000000e+00
   1.662500000000e+00
   1.672000000000e+00
   1.681500000000e+00
   1.691000000000e+00
   1.700500000000e+00
   1.710000000000e+00
   1.719500000000e+00
   1.729000000000e+00
   1.738500000000e+00
   1.748000000000e+00
   1.757500000000e+00
   1.767000000000e+00
   1.776500000000e+00
   1.786000000000e+00
   1.795500000000e+00
   1.805000000000e+00
   1.814500000000e+00
   1.824000000000e+00
   1.833500000000e+00
   1.843000000000e+00
   1.852500000000e+00
   1.862000000000e+00
   1.871500000000e+00
   1.881000000000e+00
   1.890500000000e+00
   1.900000000000e+00
