ARMA_MAT_TXT_FN008
120 1
   3.160919540230e-02
   6.321839080460e-02
   9.482758620690e-02
   1.264367816092e-01
   1.580459770115e-01
   1.896551724138e-01
   2.212643678161e-01
   2.528735632184e-01
   2.844827586207e-01
   3.160919540230e-01
   3.477011494253e-01
   3.793103448276e-01
   4.109195402299e-01
   4.425287356322e-01
   4.741379310345e-01
   5.057471264368e-01
   5.373563218391e-01
   5.689655172414e-01
   6.005747126437e-01
   6.321839080460e-01
   6.637931034483e-01
   6.954022988506e-01
   7.270114942529e-01
   7.586206896552e-01
   7.902298850575e-01
   8.218390804598e-01
   8.534482758621e-01
   8.850574712644e-01
   9.166666666667e-01
   9.482758620690e-01
   9.798850574713e-01
   1.011494252874e+00
   1.043103448276e+00
   1.074712643678e+00
   1.106321839080e+00
   1.137931034483e+00
   1.169540229885e+00
   1.201149425287e+00
   1.232758620690e+00
   1.264367816092e+00
   1.295977011494e+00
   1.327586206897e+00
   1.359195402299e+00
   1.390804597701e+00
   1.422413793103e+00
   1.454022988506e+00
   1.485632183908e+00
   1.517241379310e+00
   1.548850574713e+00
   1.580459770115e+00
   1.612068965517e+00
   1.643678160920e+00
   1.675287356322e+00
   1.706896551724e+00
   1.738505747126e+00
   1.770114942529e+00
   1.801724137931e+00
   1.833333333333e+00
   1.864942528736e+00
   1.896551724138e+00
   1.928160919540e+00
   1.959770114943e+00
   1.991379310345e+00
   2.022988505747e+00
   2.054597701149e+00
   2.086206896552e+00
   2.117816091954e+00
   2.149425287356e+00
   2.181034482759e+00
   2.212643678161e+00
   2.244252873563e+00
   2.275862068966e+00
   2.307471264368e+00
   2.339080459770e+00
   2.370689655172e+00
   2.402298850575e+00
   2.433908045977e+00
   2.465517241379e+00
   2.497126436782e+00
   2.528735632184e+00
   2.560344827586e+00
   2.591954022989e+00
   2.623563218391e+00
   2.655172413793e+00
   2.686781609195e+00
   2.718390804598e+00
   2.750000000000e+00
   2.781609195402e+00
   2.813218390805e+00
   2.844827586207e+00
   2.876436781609e+00
   2.908045977011e+00
   2.939655172414e+00
   2.971264367816e+00
   3.002873563218e+00
   3.034482758621e+00
   3.066091954023e+00
   3.097701149425e+00
   3.129310344828e+00
   3.160919540230e+00
   3.192528735632e+00
   3.224137931034e+00
   3.255747126437e+00
   3.287356321839e+00
   3.318965517241e+00
   3.350574712644e+00
   3.382183908046e+00
   3.413793103448e+00
   3.445402298851e+00
   3.477011494253e+00
   3.508620689655e+00
   3.540229885057e+00
   3.571839080460e+00
   3.603448275862e+00
   3.635057471264e+00
   3.666666666667e+00
   3.698275862069e+00
   3.729885057471e+00
   3.761494252874e+00
   3.793103448276e+00
