ARMA_MAT_TXT_FN008
176 1
   2.507836990596e-02
   5.015673981191e-02
   7.523510971787e-02
   1.003134796238e-01
   1.253918495298e-01
   1.504702194357e-01
   1.755485893417e-01
   2.006269592476e-01
   2.257053291536e-01
   2.507836990596e-01
   2.758620689655e-01
   3.009404388715e-01
   3.260188087774e-01
   3.510971786834e-01
   3.761755485893e-01
   4.012539184953e-01
   4.263322884013e-01
   4.514106583072e-01
   4.764890282132e-01
   5.015673981191e-01
   5.266457680251e-01
   5.517241379310e-01
   5.768025078370e-01
   6.018808777429e-01
   6.269592476489e-01
   6.520376175549e-01
   6.771159874608e-01
   7.021943573668e-01
   7.272727272727e-01
   7.523510971787e-01
   7.774294670846e-01
   8.025078369906e-01
   8.275862068966e-01
   8.526645768025e-01
   8.777429467085e-01
   9.028213166144e-01
   9.278996865204e-01
   9.529780564263e-01
   9.780564263323e-01
   1.003134796238e+00
   1.028213166144e+00
   1.053291536050e+00
   1.078369905956e+00
   1.103448275862e+00
   1.128526645768e+00
   1.153605015674e+00
   1.178683385580e+00
   1.203761755486e+00
   1.228840125392e+00
   1.253918495298e+00
   1.278996865204e+00
   1.304075235110e+00
   1.329153605016e+00
   1.354231974922e+00
   1.379310344828e+00
   1.404388714734e+00
   1.429467084639e+00
   1.454545454545e+00
   1.479623824451e+00
   1.504702194357e+00
   1.529780564263e+00
   1.554858934169e+00
   1.579937304075e+00
   1.605015673981e+00
   1.630094043887e+00
   1.655172413793e+00
   1.680250783699e+00
   1.705329153605e+00
   1.730407523511e+00
   1.755485893417e+00
   1.780564263323e+00
   1.805642633229e+00
   1.830721003135e+00
   1.855799373041e+00
   1.880877742947e+00
   1.905956112853e+00
   1.931034482759e+00
   1.956112852665e+00
   1.981191222571e+00
   2.006269592476e+00
   2.031347962382e+00
   2.056426332288e+00
   2.081504702194e+00
   2.106583072100e+00
   2.131661442006e+00
   2.156739811912e+00
   2.181818181818e+00
   2.206896551724e+00
   2.231974921630e+00
   2.257053291536e+00
   2.282131661442e+00
   2.307210031348e+00
   2.332288401254e+00
   2.357366771160e+00
   2.382445141066e+00
   2.407523510972e+00
   2.432601880878e+00
   2.457680250784e+00
   2.482758620690e+00
   2.507836990596e+00
   2.532915360502e+00
   2.557993730408e+00
   2.583072100313e+00
   2.608150470219e+00
   2.633228840125e+00
   2.658307210031e+00
   2.683385579937e+00
   2.708463949843e+00
   2.733542319749e+00
   2.758620689655e+00
   2.783699059561e+00
   2.808777429467e+00
   2.833855799373e+00
   2.858934169279e+00
   2.884012539185e+00
   2.909090909091e+00
   2.934169278997e+00
   2.959247648903e+00
   2.984326018809e+00
   3.009404388715e+00
   3.034482758621e+00
   3.059561128527e+00
   3.084639498433e+00
   3.109717868339e+00
   3.134796238245e+00
   3.159874608150e+00
   3.184952978056e+00
   3.210031347962e+00
   3.235109717868e+00
   3.260188087774e+00
   3.285266457680e+00
   3.310344827586e+00
   3.335423197492e+00
   3.360501567398e+00
   3.385579937304e+00
   3.410658307210e+00
   3.435736677116e+00
   3.460815047022e+00
   3.485893416928e+00
   3.510971786834e+00
   3.536050156740e+00
   3.561128526646e+00
   3.586206896552e+00
   3.611285266458e+00
   3.636363636364e+00
   3.661442006270e+00
   3.686520376176e+00
   3.711598746082e+00
   3.736677115987e+00
   3.761755485893e+00
   3.786833855799e+00
   3.811912225705e+00
   3.836990595611e+00
   3.862068965517e+00
   3.887147335423e+00
   3.912225705329e+00
   3.937304075235e+00
   3.962382445141e+00
   3.987460815047e+00
   4.012539184953e+00
   4.037617554859e+00
   4.062695924765e+00
   4.087774294671e+00
   4.112852664577e+00
   4.137931034483e+00
   4.163009404389e+00
   4.188087774295e+00
   4.213166144201e+00
   4.238244514107e+00
   4.263322884013e+00
   4.288401253918e+00
   4.313479623824e+00
   4.338557993730e+00
   4.363636363636e+00
   4.388714733542e+00
   4.413793103448e+00
