ARMA_MAT_TXT_FN008
102 1
   2.501690331305e-02
   5.003380662610e-02
   7.505070993915e-02
   1.000676132522e-01
   1.250845165652e-01
   1.501014198783e-01
   1.751183231913e-01
   2.001352265044e-01
   2.251521298174e-01
   2.501690331305e-01
   2.751859364435e-01
   3.002028397566e-01
   3.252197430696e-01
   3.502366463827e-01
   3.752535496957e-01
   4.002704530088e-01
   4.252873563218e-01
   4.503042596349e-01
   4.753211629479e-01
   5.003380662610e-01
   5.253549695740e-01
   5.503718728871e-01
   5.753887762001e-01
   6.004056795132e-01
   6.254225828262e-01
   6.504394861393e-01
   6.754563894523e-01
   7.004732927654e-01
   7.254901960784e-01
   7.505070993915e-01
   7.755240027045e-01
   8.005409060176e-01
   8.255578093306e-01
   8.505747126437e-01
   8.755916159567e-01
   9.006085192698e-01
   9.256254225828e-01
   9.506423258959e-01
   9.756592292089e-01
   1.000676132522e+00
   1.025693035835e+00
   1.050709939148e+00
   1.075726842461e+00
   1.100743745774e+00
   1.125760649087e+00
   1.150777552400e+00
   1.175794455713e+00
   1.200811359026e+00
   1.225828262339e+00
   1.250845165652e+00
   1.275862068966e+00
   1.300878972279e+00
   1.325895875592e+00
   1.350912778905e+00
   1.375929682218e+00
   1.400946585531e+00
   1.425963488844e+00
   1.450980392157e+00
   1.475997295470e+00
   1.501014198783e+00
   1.526031102096e+00
   1.551048005409e+00
   1.576064908722e+00
   1.601081812035e+00
   1.626098715348e+00
   1.651115618661e+00
   1.676132521974e+00
   1.701149425287e+00
   1.726166328600e+00
   1.751183231913e+00
   1.776200135227e+00
   1.801217038540e+00
   1.826233941853e+00
   1.851250845166e+00
   1.876267748479e+00
   1.901284651792e+00
   1.926301555105e+00
   1.951318458418e+00
   1.976335361731e+00
   2.001352265044e+00
   2.026369168357e+00
   2.051386071670e+00
   2.076402974983e+00
   2.101419878296e+00
   2.126436781609e+00
   2.151453684922e+00
   2.176470588235e+00
   2.201487491548e+00
   2.226504394861e+00
   2.251521298174e+00
   2.276538201487e+00
   2.301555104801e+00
   2.326572008114e+00
   2.351588911427e+00
   2.376605814740e+00
   2.401622718053e+00
   2.426639621366e+00
   2.451656524679e+00
   2.476673427992e+00
   2.501690331305e+00
   2.526707234618e+00
   2.551724137931e+00
