ARMA_MAT_TXT_FN008
365 1
   1.369863013699e-02
   2.739726027397e-02
   4.109589041096e-02
   5.479452054795e-02
   6.849315068493e-02
   8.219178082192e-02
   9.589041095890e-02
   1.095890410959e-01
   1.232876712329e-01
   1.369863013699e-01
   1.506849315068e-01
   1.643835616438e-01
   1.780821917808e-01
   1.917808219178e-01
   2.054794520548e-01
   2.191780821918e-01
   2.328767123288e-01
   2.465753424658e-01
   2.602739726027e-01
   2.739726027397e-01
   2.876712328767e-01
   3.013698630137e-01
   3.150684931507e-01
   3.287671232877e-01
   3.424657534247e-01
   3.561643835616e-01
   3.698630136986e-01
   3.835616438356e-01
   3.972602739726e-01
   4.109589041096e-01
   4.246575342466e-01
   4.383561643836e-01
   4.520547945205e-01
   4.657534246575e-01
   4.794520547945e-01
   4.931506849315e-01
   5.068493150685e-01
   5.205479452055e-01
   5.342465753425e-01
   5.479452054795e-01
   5.616438356164e-01
   5.753424657534e-01
   5.890410958904e-01
   6.027397260274e-01
   6.164383561644e-01
   6.301369863014e-01
   6.438356164384e-01
   6.575342465753e-01
   6.712328767123e-01
   6.849315068493e-01
   6.986301369863e-01
   7.123287671233e-01
   7.260273972603e-01
   7.397260273973e-01
   7.534246575342e-01
   7.671232876712e-01
   7.808219178082e-01
   7.945205479452e-01
   8.082191780822e-01
   8.219178082192e-01
   8.356164383562e-01
   8.493150684932e-01
   8.630136986301e-01
   8.767123287671e-01
   8.904109589041e-01
   9.041095890411e-01
   9.178082191781e-01
   9.315068493151e-01
   9.452054794521e-01
   9.589041095890e-01
   9.726027397260e-01
   9.863013698630e-01
   1.000000000000e+00
   1.013698630137e+00
   1.027397260274e+00
   1.041095890411e+00
   1.054794520548e+00
   1.068493150685e+00
   1.082191780822e+00
   1.095890410959e+00
   1.109589041096e+00
   1.123287671233e+00
   1.136986301370e+00
   1.150684931507e+00
   1.164383561644e+00
   1.178082191781e+00
   1.191780821918e+00
   1.205479452055e+00
   1.219178082192e+00
   1.232876712329e+00
   1.246575342466e+00
   1.260273972603e+00
   1.273972602740e+00
   1.287671232877e+00
   1.301369863014e+00
   1.315068493151e+00
   1.328767123288e+00
   1.342465753425e+00
   1.356164383562e+00
   1.369863013699e+00
   1.383561643836e+00
   1.397260273973e+00
   1.410958904110e+00
   1.424657534247e+00
   1.438356164384e+00
   1.452054794521e+00
   1.465753424658e+00
   1.479452054795e+00
   1.493150684932e+00
   1.506849315068e+00
   1.520547945205e+00
   1.534246575342e+00
   1.547945205479e+00
   1.561643835616e+00
   1.575342465753e+00
   1.589041095890e+00
   1.602739726027e+00
   1.616438356164e+00
   1.630136986301e+00
   1.643835616438e+00
   1.657534246575e+00
   1.671232876712e+00
   1.684931506849e+00
   1.698630136986e+00
   1.712328767123e+00
   1.726027397260e+00
   1.739726027397e+00
   1.753424657534e+00
   1.767123287671e+00
   1.780821917808e+00
   1.794520547945e+00
   1.808219178082e+00
   1.821917808219e+00
   1.835616438356e+00
   1.849315068493e+00
   1.863013698630e+00
   1.876712328767e+00
   1.890410958904e+00
   1.904109589041e+00
   1.917808219178e+00
   1.931506849315e+00
   1.945205479452e+00
   1.958904109589e+00
   1.972602739726e+00
   1.986301369863e+00
   2.000000000000e+00
   2.013698630137e+00
   2.027397260274e+00
   2.041095890411e+00
   2.054794520548e+00
   2.068493150685e+00
   2.082191780822e+00
   2.095890410959e+00
   2.109589041096e+00
   2.123287671233e+00
   2.136986301370e+00
   2.150684931507e+00
   2.164383561644e+00
   2.178082191781e+00
   2.191780821918e+00
   2.205479452055e+00
   2.219178082192e+00
   2.232876712329e+00
   2.246575342466e+00
   2.260273972603e+00
   2.273972602740e+00
   2.287671232877e+00
   2.301369863014e+00
   2.315068493151e+00
   2.328767123288e+00
   2.342465753425e+00
   2.356164383562e+00
   2.369863013699e+00
   2.383561643836e+00
   2.397260273973e+00
   2.410958904110e+00
   2.424657534247e+00
   2.438356164384e+00
   2.452054794521e+00
   2.465753424658e+00
   2.479452054795e+00
   2.493150684932e+00
   2.506849315068e+00
   2.520547945205e+00
   2.534246575342e+00
   2.547945205479e+00
   2.561643835616e+00
   2.575342465753e+00
   2.589041095890e+00
   2.602739726027e+00
   2.616438356164e+00
   2.630136986301e+00
   2.643835616438e+00
   2.657534246575e+00
   2.671232876712e+00
   2.684931506849e+00
   2.698630136986e+00
   2.712328767123e+00
   2.726027397260e+00
   2.739726027397e+00
   2.753424657534e+00
   2.767123287671e+00
   2.780821917808e+00
   2.794520547945e+00
   2.808219178082e+00
   2.821917808219e+00
   2.835616438356e+00
   2.849315068493e+00
   2.863013698630e+00
   2.876712328767e+00
   2.890410958904e+00
   2.904109589041e+00
   2.917808219178e+00
   2.931506849315e+00
   2.945205479452e+00
   2.958904109589e+00
   2.972602739726e+00
   2.986301369863e+00
   3.000000000000e+00
   3.013698630137e+00
   3.027397260274e+00
   3.041095890411e+00
   3.054794520548e+00
   3.068493150685e+00
   3.082191780822e+00
   3.095890410959e+00
   3.109589041096e+00
   3.123287671233e+00
   3.136986301370e+00
   3.150684931507e+00
   3.164383561644e+00
   3.178082191781e+00
   3.191780821918e+00
   3.205479452055e+00
   3.219178082192e+00
   3.232876712329e+00
   3.246575342466e+00
   3.260273972603e+00
   3.273972602740e+00
   3.287671232877e+00
   3.301369863014e+00
   3.315068493151e+00
   3.328767123288e+00
   3.342465753425e+00
   3.356164383562e+00
   3.369863013699e+00
   3.383561643836e+00
   3.397260273973e+00
   3.410958904110e+00
   3.424657534247e+00
   3.438356164384e+00
   3.452054794521e+00
   3.465753424658e+00
   3.479452054795e+00
   3.493150684932e+00
   3.506849315068e+00
   3.520547945205e+00
   3.534246575342e+00
   3.547945205479e+00
   3.561643835616e+00
   3.575342465753e+00
   3.589041095890e+00
   3.602739726027e+00
   3.616438356164e+00
   3.630136986301e+00
   3.643835616438e+00
   3.657534246575e+00
   3.671232876712e+00
   3.684931506849e+00
   3.698630136986e+00
   3.712328767123e+00
   3.726027397260e+00
   3.739726027397e+00
   3.753424657534e+00
   3.767123287671e+00
   3.780821917808e+00
   3.794520547945e+00
   3.808219178082e+00
   3.821917808219e+00
   3.835616438356e+00
   3.849315068493e+00
   3.863013698630e+00
   3.876712328767e+00
   3.890410958904e+00
   3.904109589041e+00
   3.917808219178e+00
   3.931506849315e+00
   3.945205479452e+00
   3.958904109589e+00
   3.972602739726e+00
   3.986301369863e+00
   4.000000000000e+00
   4.013698630137e+00
   4.027397260274e+00
   4.041095890411e+00
   4.054794520548e+00
   4.068493150685e+00
   4.082191780822e+00
   4.095890410959e+00
   4.109589041096e+00
   4.123287671233e+00
   4.136986301370e+00
   4.150684931507e+00
   4.164383561644e+00
   4.178082191781e+00
   4.191780821918e+00
   4.205479452055e+00
   4.219178082192e+00
   4.232876712329e+00
   4.246575342466e+00
   4.260273972603e+00
   4.273972602740e+00
   4.287671232877e+00
   4.301369863014e+00
   4.315068493151e+00
   4.328767123288e+00
   4.342465753425e+00
   4.356164383562e+00
   4.369863013699e+00
   4.383561643836e+00
   4.397260273973e+00
   4.410958904110e+00
   4.424657534247e+00
   4.438356164384e+00
   4.452054794521e+00
   4.465753424658e+00
   4.479452054795e+00
   4.493150684932e+00
   4.506849315068e+00
   4.520547945205e+00
   4.534246575342e+00
   4.547945205479e+00
   4.561643835616e+00
   4.575342465753e+00
   4.589041095890e+00
   4.602739726027e+00
   4.616438356164e+00
   4.630136986301e+00
   4.643835616438e+00
   4.657534246575e+00
   4.671232876712e+00
   4.684931506849e+00
   4.698630136986e+00
   4.712328767123e+00
   4.726027397260e+00
   4.739726027397e+00
   4.753424657534e+00
   4.767123287671e+00
   4.780821917808e+00
   4.794520547945e+00
   4.808219178082e+00
   4.821917808219e+00
   4.835616438356e+00
   4.849315068493e+00
   4.863013698630e+00
   4.876712328767e+00
   4.890410958904e+00
   4.904109589041e+00
   4.917808219178e+00
   4.931506849315e+00
   4.945205479452e+00
   4.958904109589e+00
   4.972602739726e+00
   4.986301369863e+00
   5.000000000000e+00
