ARMA_MAT_TXT_FN008
200 1
   3.293103448276e-02
   6.586206896552e-02
   9.879310344828e-02
   1.317241379310e-01
   1.646551724138e-01
   1.975862068966e-01
   2.305172413793e-01
   2.634482758621e-01
   2.963793103448e-01
   3.293103448276e-01
   3.622413793103e-01
   3.951724137931e-01
   4.281034482759e-01
   4.610344827586e-01
   4.939655172414e-01
   5.268965517241e-01
   5.598275862069e-01
   5.927586206897e-01
   6.256896551724e-01
   6.586206896552e-01
   6.915517241379e-01
   7.244827586207e-01
   7.574137931034e-01
   7.903448275862e-01
   8.232758620690e-01
   8.562068965517e-01
   8.891379310345e-01
   9.220689655172e-01
   9.550000000000e-01
   9.879310344828e-01
   1.020862068966e+00
   1.053793103448e+00
   1.086724137931e+00
   1.119655172414e+00
   1.152586206897e+00
   1.185517241379e+00
   1.218448275862e+00
   1.251379310345e+00
   1.284310344828e+00
   1.317241379310e+00
   1.350172413793e+00
   1.383103448276e+00
   1.416034482759e+00
   1.448965517241e+00
   1.481896551724e+00
   1.514827586207e+00
   1.547758620690e+00
   1.580689655172e+00
   1.613620689655e+00
   1.646551724138e+00
   1.679482758621e+00
   1.712413793103e+00
   1.745344827586e+00
   1.778275862069e+00
   1.811206896552e+00
   1.844137931034e+00
   1.877068965517e+00
   1.910000000000e+00
   1.942931034483e+00
   1.975862068966e+00
   2.008793103448e+00
   2.041724137931e+00
   2.074655172414e+00
   2.107586206897e+00
   2.140517241379e+00
   2.173448275862e+00
   2.206379310345e+00
   2.239310344828e+00
   2.272241379310e+00
   2.305172413793e+00
   2.338103448276e+00
   2.371034482759e+00
   2.403965517241e+00
   2.436896551724e+00
   2.469827586207e+00
   2.502758620690e+00
   2.535689655172e+00
   2.568620689655e+00
   2.601551724138e+00
   2.634482758621e+00
   2.667413793103e+00
   2.700344827586e+00
   2.733275862069e+00
   2.766206896552e+00
   2.799137931034e+00
   2.832068965517e+00
   2.865000000000e+00
   2.897931034483e+00
   2.930862068966e+00
   2.963793103448e+00
   2.996724137931e+00
   3.029655172414e+00
   3.062586206897e+00
   3.095517241379e+00
   3.128448275862e+00
   3.161379310345e+00
   3.194310344828e+00
   3.227241379310e+00
   3.260172413793e+00
   3.293103448276e+00
   3.326034482759e+00
   3.358965517241e+00
   3.391896551724e+00
   3.424827586207e+00
   3.457758620690e+00
   3.490689655172e+00
   3.523620689655e+00
   3.556551724138e+00
   3.589482758621e+00
   3.622413793103e+00
   3.655344827586e+00
   3.688275862069e+00
   3.721206896552e+00
   3.754137931034e+00
   3.787068965517e+00
   3.820000000000e+00
   3.852931034483e+00
   3.885862068966e+00
   3.918793103448e+00
   3.951724137931e+00
   3.984655172414e+00
   4.017586206897e+00
   4.050517241379e+00
   4.083448275862e+00
   4.116379310345e+00
   4.149310344828e+00
   4.182241379310e+00
   4.215172413793e+00
   4.248103448276e+00
   4.281034482759e+00
   4.313965517241e+00
   4.346896551724e+00
   4.379827586207e+00
   4.412758620690e+00
   4.445689655172e+00
   4.478620689655e+00
   4.511551724138e+00
   4.544482758621e+00
   4.577413793103e+00
   4.610344827586e+00
   4.643275862069e+00
   4.676206896552e+00
   4.709137931034e+00
   4.742068965517e+00
   4.775000000000e+00
   4.807931034483e+00
   4.840862068966e+00
   4.873793103448e+00
   4.906724137931e+00
   4.939655172414e+00
   4.972586206897e+00
   5.005517241379e+00
   5.038448275862e+00
   5.071379310345e+00
   5.104310344828e+00
   5.137241379310e+00
   5.170172413793e+00
   5.203103448276e+00
   5.236034482759e+00
   5.268965517241e+00
   5.301896551724e+00
   5.334827586207e+00
   5.367758620690e+00
   5.400689655172e+00
   5.433620689655e+00
   5.466551724138e+00
   5.499482758621e+00
   5.532413793103e+00
   5.565344827586e+00
   5.598275862069e+00
   5.631206896552e+00
   5.664137931034e+00
   5.697068965517e+00
   5.730000000000e+00
   5.762931034483e+00
   5.795862068966e+00
   5.828793103448e+00
   5.861724137931e+00
   5.894655172414e+00
   5.927586206897e+00
   5.960517241379e+00
   5.993448275862e+00
   6.026379310345e+00
   6.059310344828e+00
   6.092241379310e+00
   6.125172413793e+00
   6.158103448276e+00
   6.191034482759e+00
   6.223965517241e+00
   6.256896551724e+00
   6.289827586207e+00
   6.322758620690e+00
   6.355689655172e+00
   6.388620689655e+00
   6.421551724138e+00
   6.454482758621e+00
   6.487413793103e+00
   6.520344827586e+00
   6.553275862069e+00
   6.586206896552e+00
