ARMA_MAT_TXT_FN008
120 1
   2.643678160920e-02
   5.287356321839e-02
   7.931034482759e-02
   1.057471264368e-01
   1.321839080460e-01
   1.586206896552e-01
   1.850574712644e-01
   2.114942528736e-01
   2.379310344828e-01
   2.643678160920e-01
   2.908045977011e-01
   3.172413793103e-01
   3.436781609195e-01
   3.701149425287e-01
   3.965517241379e-01
   4.229885057471e-01
   4.494252873563e-01
   4.758620689655e-01
   5.022988505747e-01
   5.287356321839e-01
   5.551724137931e-01
   5.816091954023e-01
   6.080459770115e-01
   6.344827586207e-01
   6.609195402299e-01
   6.873563218391e-01
   7.137931034483e-01
   7.402298850575e-01
   7.666666666667e-01
   7.931034482759e-01
   8.195402298851e-01
   8.459770114943e-01
   8.724137931034e-01
   8.988505747126e-01
   9.252873563218e-01
   9.517241379310e-01
   9.781609195402e-01
   1.004597701149e+00
   1.031034482759e+00
   1.057471264368e+00
   1.083908045977e+00
   1.110344827586e+00
   1.136781609195e+00
   1.163218390805e+00
   1.189655172414e+00
   1.216091954023e+00
   1.242528735632e+00
   1.268965517241e+00
   1.295402298851e+00
   1.321839080460e+00
   1.348275862069e+00
   1.374712643678e+00
   1.401149425287e+00
   1.427586206897e+00
   1.454022988506e+00
   1.480459770115e+00
   1.506896551724e+00
   1.533333333333e+00
   1.559770114943e+00
   1.586206896552e+00
   1.612643678161e+00
   1.639080459770e+00
   1.665517241379e+00
   1.691954022989e+00
   1.718390804598e+00
   1.744827586207e+00
   1.771264367816e+00
   1.797701149425e+00
   1.824137931034e+00
   1.850574712644e+00
   1.877011494253e+00
   1.903448275862e+00
   1.929885057471e+00
   1.956321839080e+00
   1.982758620690e+00
   2.009195402299e+00
   2.035632183908e+00
   2.062068965517e+00
   2.088505747126e+00
   2.114942528736e+00
   2.141379310345e+00
   2.167816091954e+00
   2.194252873563e+00
   2.220689655172e+00
   2.247126436782e+00
   2.273563218391e+00
   2.300000000000e+00
   2.326436781609e+00
   2.352873563218e+00
   2.379310344828e+00
   2.405747126437e+00
   2.432183908046e+00
   2.458620689655e+00
   2.485057471264e+00
   2.511494252874e+00
   2.537931034483e+00
   2.564367816092e+00
   2.590804597701e+00
   2.617241379310e+00
   2.643678160920e+00
   2.670114942529e+00
   2.696551724138e+00
   2.722988505747e+00
   2.749425287356e+00
   2.775862068966e+00
   2.802298850575e+00
   2.828735632184e+00
   2.855172413793e+00
   2.881609195402e+00
   2.908045977011e+00
   2.934482758621e+00
   2.960919540230e+00
   2.987356321839e+00
   3.013793103448e+00
   3.040229885057e+00
   3.066666666667e+00
   3.093103448276e+00
   3.119540229885e+00
   3.145977011494e+00
   3.172413793103e+00
