ARMA_MAT_TXT_FN008
288 1
   2.502394636015e-02
   5.004789272031e-02
   7.507183908046e-02
   1.000957854406e-01
   1.251197318008e-01
   1.501436781609e-01
   1.751676245211e-01
   2.001915708812e-01
   2.252155172414e-01
   2.502394636015e-01
   2.752634099617e-01
   3.002873563218e-01
   3.253113026820e-01
   3.503352490421e-01
   3.753591954023e-01
   4.003831417625e-01
   4.254070881226e-01
   4.504310344828e-01
   4.754549808429e-01
   5.004789272031e-01
   5.255028735632e-01
   5.505268199234e-01
   5.755507662835e-01
   6.005747126437e-01
   6.255986590038e-01
   6.506226053640e-01
   6.756465517241e-01
   7.006704980843e-01
   7.256944444444e-01
   7.507183908046e-01
   7.757423371648e-01
   8.007662835249e-01
   8.257902298851e-01
   8.508141762452e-01
   8.758381226054e-01
   9.008620689655e-01
   9.258860153257e-01
   9.509099616858e-01
   9.759339080460e-01
   1.000957854406e+00
   1.025981800766e+00
   1.051005747126e+00
   1.076029693487e+00
   1.101053639847e+00
   1.126077586207e+00
   1.151101532567e+00
   1.176125478927e+00
   1.201149425287e+00
   1.226173371648e+00
   1.251197318008e+00
   1.276221264368e+00
   1.301245210728e+00
   1.326269157088e+00
   1.351293103448e+00
   1.376317049808e+00
   1.401340996169e+00
   1.426364942529e+00
   1.451388888889e+00
   1.476412835249e+00
   1.501436781609e+00
   1.526460727969e+00
   1.551484674330e+00
   1.576508620690e+00
   1.601532567050e+00
   1.626556513410e+00
   1.651580459770e+00
   1.676604406130e+00
   1.701628352490e+00
   1.726652298851e+00
   1.751676245211e+00
   1.776700191571e+00
   1.801724137931e+00
   1.826748084291e+00
   1.851772030651e+00
   1.876795977011e+00
   1.901819923372e+00
   1.926843869732e+00
   1.951867816092e+00
   1.976891762452e+00
   2.001915708812e+00
   2.026939655172e+00
   2.051963601533e+00
   2.076987547893e+00
   2.102011494253e+00
   2.127035440613e+00
   2.152059386973e+00
   2.177083333333e+00
   2.202107279693e+00
   2.227131226054e+00
   2.252155172414e+00
   2.277179118774e+00
   2.302203065134e+00
   2.327227011494e+00
   2.352250957854e+00
   2.377274904215e+00
   2.402298850575e+00
   2.427322796935e+00
   2.452346743295e+00
   2.477370689655e+00
   2.502394636015e+00
   2.527418582375e+00
   2.552442528736e+00
   2.577466475096e+00
   2.602490421456e+00
   2.627514367816e+00
   2.652538314176e+00
   2.677562260536e+00
   2.702586206897e+00
   2.727610153257e+00
   2.752634099617e+00
   2.777658045977e+00
   2.802681992337e+00
   2.827705938697e+00
   2.852729885057e+00
   2.877753831418e+00
   2.902777777778e+00
   2.927801724138e+00
   2.952825670498e+00
   2.977849616858e+00
   3.002873563218e+00
   3.027897509579e+00
   3.052921455939e+00
   3.077945402299e+00
   3.102969348659e+00
   3.127993295019e+00
   3.153017241379e+00
   3.178041187739e+00
   3.203065134100e+00
   3.228089080460e+00
   3.253113026820e+00
   3.278136973180e+00
   3.303160919540e+00
   3.328184865900e+00
   3.353208812261e+00
   3.378232758621e+00
   3.403256704981e+00
   3.428280651341e+00
   3.453304597701e+00
   3.478328544061e+00
   3.503352490421e+00
   3.528376436782e+00
   3.553400383142e+00
   3.578424329502e+00
   3.603448275862e+00
   3.628472222222e+00
   3.653496168582e+00
   3.678520114943e+00
   3.703544061303e+00
   3.728568007663e+00
   3.753591954023e+00
   3.778615900383e+00
   3.803639846743e+00
   3.828663793103e+00
   3.853687739464e+00
   3.878711685824e+00
   3.903735632184e+00
   3.928759578544e+00
   3.953783524904e+00
   3.978807471264e+00
   4.003831417625e+00
   4.028855363985e+00
   4.053879310345e+00
   4.078903256705e+00
   4.103927203065e+00
   4.128951149425e+00
   4.153975095785e+00
   4.178999042146e+00
   4.204022988506e+00
   4.229046934866e+00
   4.254070881226e+00
   4.279094827586e+00
   4.304118773946e+00
   4.329142720307e+00
   4.354166666667e+00
   4.379190613027e+00
   4.404214559387e+00
   4.429238505747e+00
   4.454262452107e+00
   4.479286398467e+00
   4.504310344828e+00
   4.529334291188e+00
   4.554358237548e+00
   4.579382183908e+00
   4.604406130268e+00
   4.629430076628e+00
   4.654454022989e+00
   4.679477969349e+00
   4.704501915709e+00
   4.729525862069e+00
   4.754549808429e+00
   4.779573754789e+00
   4.804597701149e+00
   4.829621647510e+00
   4.854645593870e+00
   4.879669540230e+00
   4.904693486590e+00
   4.929717432950e+00
   4.954741379310e+00
   4.979765325670e+00
   5.004789272031e+00
   5.029813218391e+00
   5.054837164751e+00
   5.079861111111e+00
   5.104885057471e+00
   5.129909003831e+00
   5.154932950192e+00
   5.179956896552e+00
   5.204980842912e+00
   5.230004789272e+00
   5.255028735632e+00
   5.280052681992e+00
   5.305076628352e+00
   5.330100574713e+00
   5.355124521073e+00
   5.380148467433e+00
   5.405172413793e+00
   5.430196360153e+00
   5.455220306513e+00
   5.480244252874e+00
   5.505268199234e+00
   5.530292145594e+00
   5.555316091954e+00
   5.580340038314e+00
   5.605363984674e+00
   5.630387931034e+00
   5.655411877395e+00
   5.680435823755e+00
   5.705459770115e+00
   5.730483716475e+00
   5.755507662835e+00
   5.780531609195e+00
   5.805555555556e+00
   5.830579501916e+00
   5.855603448276e+00
   5.880627394636e+00
   5.905651340996e+00
   5.930675287356e+00
   5.955699233716e+00
   5.980723180077e+00
   6.005747126437e+00
   6.030771072797e+00
   6.055795019157e+00
   6.080818965517e+00
   6.105842911877e+00
   6.130866858238e+00
   6.155890804598e+00
   6.180914750958e+00
   6.205938697318e+00
   6.230962643678e+00
   6.255986590038e+00
   6.281010536398e+00
   6.306034482759e+00
   6.331058429119e+00
   6.356082375479e+00
   6.381106321839e+00
   6.406130268199e+00
   6.431154214559e+00
   6.456178160920e+00
   6.481202107280e+00
   6.506226053640e+00
   6.531250000000e+00
   6.556273946360e+00
   6.581297892720e+00
   6.606321839080e+00
   6.631345785441e+00
   6.656369731801e+00
   6.681393678161e+00
   6.706417624521e+00
   6.731441570881e+00
   6.756465517241e+00
   6.781489463602e+00
   6.806513409962e+00
   6.831537356322e+00
   6.856561302682e+00
   6.881585249042e+00
   6.906609195402e+00
   6.931633141762e+00
   6.956657088123e+00
   6.981681034483e+00
   7.006704980843e+00
   7.031728927203e+00
   7.056752873563e+00
   7.081776819923e+00
   7.106800766284e+00
   7.131824712644e+00
   7.156848659004e+00
   7.181872605364e+00
   7.206896551724e+00
