ARMA_MAT_TXT_FN008
200 1
   2.827586206897e-02
   5.655172413793e-02
   8.482758620690e-02
   1.131034482759e-01
   1.413793103448e-01
   1.696551724138e-01
   1.979310344828e-01
   2.262068965517e-01
   2.544827586207e-01
   2.827586206897e-01
   3.110344827586e-01
   3.393103448276e-01
   3.675862068966e-01
   3.958620689655e-01
   4.241379310345e-01
   4.524137931034e-01
   4.806896551724e-01
   5.089655172414e-01
   5.372413793103e-01
   5.655172413793e-01
   5.937931034483e-01
   6.220689655172e-01
   6.503448275862e-01
   6.786206896552e-01
   7.068965517241e-01
   7.351724137931e-01
   7.634482758621e-01
   7.917241379310e-01
   8.200000000000e-01
   8.482758620690e-01
   8.765517241379e-01
   9.048275862069e-01
   9.331034482759e-01
   9.613793103448e-01
   9.896551724138e-01
   1.017931034483e+00
   1.046206896552e+00
   1.074482758621e+00
   1.102758620690e+00
   1.131034482759e+00
   1.159310344828e+00
   1.187586206897e+00
   1.215862068966e+00
   1.244137931034e+00
   1.272413793103e+00
   1.300689655172e+00
   1.328965517241e+00
   1.357241379310e+00
   1.385517241379e+00
   1.413793103448e+00
   1.442068965517e+00
   1.470344827586e+00
   1.498620689655e+00
   1.526896551724e+00
   1.555172413793e+00
   1.583448275862e+00
   1.611724137931e+00
   1.640000000000e+00
   1.668275862069e+00
   1.696551724138e+00
   1.724827586207e+00
   1.753103448276e+00
   1.781379310345e+00
   1.809655172414e+00
   1.837931034483e+00
   1.866206896552e+00
   1.894482758621e+00
   1.922758620690e+00
   1.951034482759e+00
   1.979310344828e+00
   2.007586206897e+00
   2.035862068966e+00
   2.064137931034e+00
   2.092413793103e+00
   2.120689655172e+00
   2.148965517241e+00
   2.177241379310e+00
   2.205517241379e+00
   2.233793103448e+00
   2.262068965517e+00
   2.290344827586e+00
   2.318620689655e+00
   2.346896551724e+00
   2.375172413793e+00
   2.403448275862e+00
   2.431724137931e+00
   2.460000000000e+00
   2.488275862069e+00
   2.516551724138e+00
   2.544827586207e+00
   2.573103448276e+00
   2.601379310345e+00
   2.629655172414e+00
   2.657931034483e+00
   2.686206896552e+00
   2.714482758621e+00
   2.742758620690e+00
   2.771034482759e+00
   2.799310344828e+00
   2.827586206897e+00
   2.855862068966e+00
   2.884137931034e+00
   2.912413793103e+00
   2.940689655172e+00
   2.968965517241e+00
   2.997241379310e+00
   3.025517241379e+00
   3.053793103448e+00
   3.082068965517e+00
   3.110344827586e+00
   3.138620689655e+00
   3.166896551724e+00
   3.195172413793e+00
   3.223448275862e+00
   3.251724137931e+00
   3.280000000000e+00
   3.308275862069e+00
   3.336551724138e+00
   3.364827586207e+00
   3.393103448276e+00
   3.421379310345e+00
   3.449655172414e+00
   3.477931034483e+00
   3.506206896552e+00
   3.534482758621e+00
   3.562758620690e+00
   3.591034482759e+00
   3.619310344828e+00
   3.647586206897e+00
   3.675862068966e+00
   3.704137931034e+00
   3.732413793103e+00
   3.760689655172e+00
   3.788965517241e+00
   3.817241379310e+00
   3.845517241379e+00
   3.873793103448e+00
   3.902068965517e+00
   3.930344827586e+00
   3.958620689655e+00
   3.986896551724e+00
   4.015172413793e+00
   4.043448275862e+00
   4.071724137931e+00
   4.100000000000e+00
   4.128275862069e+00
   4.156551724138e+00
   4.184827586207e+00
   4.213103448276e+00
   4.241379310345e+00
   4.269655172414e+00
   4.297931034483e+00
   4.326206896552e+00
   4.354482758621e+00
   4.382758620690e+00
   4.411034482759e+00
   4.439310344828e+00
   4.467586206897e+00
   4.495862068966e+00
   4.524137931034e+00
   4.552413793103e+00
   4.580689655172e+00
   4.608965517241e+00
   4.637241379310e+00
   4.665517241379e+00
   4.693793103448e+00
   4.722068965517e+00
   4.750344827586e+00
   4.778620689655e+00
   4.806896551724e+00
   4.835172413793e+00
   4.863448275862e+00
   4.891724137931e+00
   4.920000000000e+00
   4.948275862069e+00
   4.976551724138e+00
   5.004827586207e+00
   5.033103448276e+00
   5.061379310345e+00
   5.089655172414e+00
   5.117931034483e+00
   5.146206896552e+00
   5.174482758621e+00
   5.202758620690e+00
   5.231034482759e+00
   5.259310344828e+00
   5.287586206897e+00
   5.315862068966e+00
   5.344137931034e+00
   5.372413793103e+00
   5.400689655172e+00
   5.428965517241e+00
   5.457241379310e+00
   5.485517241379e+00
   5.513793103448e+00
   5.542068965517e+00
   5.570344827586e+00
   5.598620689655e+00
   5.626896551724e+00
   5.655172413793e+00
