ARMA_MAT_TXT_FN008
295 1
   1.694915254237e-02
   3.389830508475e-02
   5.084745762712e-02
   6.779661016949e-02
   8.474576271186e-02
   1.016949152542e-01
   1.186440677966e-01
   1.355932203390e-01
   1.525423728814e-01
   1.694915254237e-01
   1.864406779661e-01
   2.033898305085e-01
   2.203389830508e-01
   2.372881355932e-01
   2.542372881356e-01
   2.711864406780e-01
   2.881355932203e-01
   3.050847457627e-01
   3.220338983051e-01
   3.389830508475e-01
   3.559322033898e-01
   3.728813559322e-01
   3.898305084746e-01
   4.067796610169e-01
   4.237288135593e-01
   4.406779661017e-01
   4.576271186441e-01
   4.745762711864e-01
   4.915254237288e-01
   5.084745762712e-01
   5.254237288136e-01
   5.423728813559e-01
   5.593220338983e-01
   5.762711864407e-01
   5.932203389831e-01
   6.101694915254e-01
   6.271186440678e-01
   6.440677966102e-01
   6.610169491525e-01
   6.779661016949e-01
   6.949152542373e-01
   7.118644067797e-01
   7.288135593220e-01
   7.457627118644e-01
   7.627118644068e-01
   7.796610169492e-01
   7.966101694915e-01
   8.135593220339e-01
   8.305084745763e-01
   8.474576271186e-01
   8.644067796610e-01
   8.813559322034e-01
   8.983050847458e-01
   9.152542372881e-01
   9.322033898305e-01
   9.491525423729e-01
   9.661016949153e-01
   9.830508474576e-01
   1.000000000000e+00
   1.016949152542e+00
   1.033898305085e+00
   1.050847457627e+00
   1.067796610169e+00
   1.084745762712e+00
   1.101694915254e+00
   1.118644067797e+00
   1.135593220339e+00
   1.152542372881e+00
   1.169491525424e+00
   1.186440677966e+00
   1.203389830508e+00
   1.220338983051e+00
   1.237288135593e+00
   1.254237288136e+00
   1.271186440678e+00
   1.288135593220e+00
   1.305084745763e+00
   1.322033898305e+00
   1.338983050847e+00
   1.355932203390e+00
   1.372881355932e+00
   1.389830508475e+00
   1.406779661017e+00
   1.423728813559e+00
   1.440677966102e+00
   1.457627118644e+00
   1.474576271186e+00
   1.491525423729e+00
   1.508474576271e+00
   1.525423728814e+00
   1.542372881356e+00
   1.559322033898e+00
   1.576271186441e+00
   1.593220338983e+00
   1.610169491525e+00
   1.627118644068e+00
   1.644067796610e+00
   1.661016949153e+00
   1.677966101695e+00
   1.694915254237e+00
   1.711864406780e+00
   1.728813559322e+00
   1.745762711864e+00
   1.762711864407e+00
   1.779661016949e+00
   1.796610169492e+00
   1.813559322034e+00
   1.830508474576e+00
   1.847457627119e+00
   1.864406779661e+00
   1.881355932203e+00
   1.898305084746e+00
   1.915254237288e+00
   1.932203389831e+00
   1.949152542373e+00
   1.966101694915e+00
   1.983050847458e+00
   2.000000000000e+00
   2.016949152542e+00
   2.033898305085e+00
   2.050847457627e+00
   2.067796610169e+00
   2.084745762712e+00
   2.101694915254e+00
   2.118644067797e+00
   2.135593220339e+00
   2.152542372881e+00
   2.169491525424e+00
   2.186440677966e+00
   2.203389830508e+00
   2.220338983051e+00
   2.237288135593e+00
   2.254237288136e+00
   2.271186440678e+00
   2.288135593220e+00
   2.305084745763e+00
   2.322033898305e+00
   2.338983050847e+00
   2.355932203390e+00
   2.372881355932e+00
   2.389830508475e+00
   2.406779661017e+00
   2.423728813559e+00
   2.440677966102e+00
   2.457627118644e+00
   2.474576271186e+00
   2.491525423729e+00
   2.508474576271e+00
   2.525423728814e+00
   2.542372881356e+00
   2.559322033898e+00
   2.576271186441e+00
   2.593220338983e+00
   2.610169491525e+00
   2.627118644068e+00
   2.644067796610e+00
   2.661016949153e+00
   2.677966101695e+00
   2.694915254237e+00
   2.711864406780e+00
   2.728813559322e+00
   2.745762711864e+00
   2.762711864407e+00
   2.779661016949e+00
   2.796610169492e+00
   2.813559322034e+00
   2.830508474576e+00
   2.847457627119e+00
   2.864406779661e+00
   2.881355932203e+00
   2.898305084746e+00
   2.915254237288e+00
   2.932203389831e+00
   2.949152542373e+00
   2.966101694915e+00
   2.983050847458e+00
   3.000000000000e+00
   3.016949152542e+00
   3.033898305085e+00
   3.050847457627e+00
   3.067796610169e+00
   3.084745762712e+00
   3.101694915254e+00
   3.118644067797e+00
   3.135593220339e+00
   3.152542372881e+00
   3.169491525424e+00
   3.186440677966e+00
   3.203389830508e+00
   3.220338983051e+00
   3.237288135593e+00
   3.254237288136e+00
   3.271186440678e+00
   3.288135593220e+00
   3.305084745763e+00
   3.322033898305e+00
   3.338983050847e+00
   3.355932203390e+00
   3.372881355932e+00
   3.389830508475e+00
   3.406779661017e+00
   3.423728813559e+00
   3.440677966102e+00
   3.457627118644e+00
   3.474576271186e+00
   3.491525423729e+00
   3.508474576271e+00
   3.525423728814e+00
   3.542372881356e+00
   3.559322033898e+00
   3.576271186441e+00
   3.593220338983e+00
   3.610169491525e+00
   3.627118644068e+00
   3.644067796610e+00
   3.661016949153e+00
   3.677966101695e+00
   3.694915254237e+00
   3.711864406780e+00
   3.728813559322e+00
   3.745762711864e+00
   3.762711864407e+00
   3.779661016949e+00
   3.796610169492e+00
   3.813559322034e+00
   3.830508474576e+00
   3.847457627119e+00
   3.864406779661e+00
   3.881355932203e+00
   3.898305084746e+00
   3.915254237288e+00
   3.932203389831e+00
   3.949152542373e+00
   3.966101694915e+00
   3.983050847458e+00
   4.000000000000e+00
   4.016949152542e+00
   4.033898305085e+00
   4.050847457627e+00
   4.067796610169e+00
   4.084745762712e+00
   4.101694915254e+00
   4.118644067797e+00
   4.135593220339e+00
   4.152542372881e+00
   4.169491525424e+00
   4.186440677966e+00
   4.203389830508e+00
   4.220338983051e+00
   4.237288135593e+00
   4.254237288136e+00
   4.271186440678e+00
   4.288135593220e+00
   4.305084745763e+00
   4.322033898305e+00
   4.338983050847e+00
   4.355932203390e+00
   4.372881355932e+00
   4.389830508475e+00
   4.406779661017e+00
   4.423728813559e+00
   4.440677966102e+00
   4.457627118644e+00
   4.474576271186e+00
   4.491525423729e+00
   4.508474576271e+00
   4.525423728814e+00
   4.542372881356e+00
   4.559322033898e+00
   4.576271186441e+00
   4.593220338983e+00
   4.610169491525e+00
   4.627118644068e+00
   4.644067796610e+00
   4.661016949153e+00
   4.677966101695e+00
   4.694915254237e+00
   4.711864406780e+00
   4.728813559322e+00
   4.745762711864e+00
   4.762711864407e+00
   4.779661016949e+00
   4.796610169492e+00
   4.813559322034e+00
   4.830508474576e+00
   4.847457627119e+00
   4.864406779661e+00
   4.881355932203e+00
   4.898305084746e+00
   4.915254237288e+00
   4.932203389831e+00
   4.949152542373e+00
   4.966101694915e+00
   4.983050847458e+00
   5.000000000000e+00
