ARMA_MAT_TXT_FN008
337 1
   2.506906783997e-02
   5.013813567993e-02
   7.520720351990e-02
   1.002762713599e-01
   1.253453391998e-01
   1.504144070398e-01
   1.754834748798e-01
   2.005525427197e-01
   2.256216105597e-01
   2.506906783997e-01
   2.757597462396e-01
   3.008288140796e-01
   3.258978819196e-01
   3.509669497595e-01
   3.760360175995e-01
   4.011050854395e-01
   4.261741532794e-01
   4.512432211194e-01
   4.763122889594e-01
   5.013813567993e-01
   5.264504246393e-01
   5.515194924793e-01
   5.765885603192e-01
   6.016576281592e-01
   6.267266959992e-01
   6.517957638391e-01
   6.768648316791e-01
   7.019338995191e-01
   7.270029673591e-01
   7.520720351990e-01
   7.771411030390e-01
   8.022101708790e-01
   8.272792387189e-01
   8.523483065589e-01
   8.774173743989e-01
   9.024864422388e-01
   9.275555100788e-01
   9.526245779188e-01
   9.776936457587e-01
   1.002762713599e+00
   1.027831781439e+00
   1.052900849279e+00
   1.077969917119e+00
   1.103038984959e+00
   1.128108052799e+00
   1.153177120638e+00
   1.178246188478e+00
   1.203315256318e+00
   1.228384324158e+00
   1.253453391998e+00
   1.278522459838e+00
   1.303591527678e+00
   1.328660595518e+00
   1.353729663358e+00
   1.378798731198e+00
   1.403867799038e+00
   1.428936866878e+00
   1.454005934718e+00
   1.479075002558e+00
   1.504144070398e+00
   1.529213138238e+00
   1.554282206078e+00
   1.579351273918e+00
   1.604420341758e+00
   1.629489409598e+00
   1.654558477438e+00
   1.679627545278e+00
   1.704696613118e+00
   1.729765680958e+00
   1.754834748798e+00
   1.779903816638e+00
   1.804972884478e+00
   1.830041952318e+00
   1.855111020158e+00
   1.880180087998e+00
   1.905249155838e+00
   1.930318223677e+00
   1.955387291517e+00
   1.980456359357e+00
   2.005525427197e+00
   2.030594495037e+00
   2.055663562877e+00
   2.080732630717e+00
   2.105801698557e+00
   2.130870766397e+00
   2.155939834237e+00
   2.181008902077e+00
   2.206077969917e+00
   2.231147037757e+00
   2.256216105597e+00
   2.281285173437e+00
   2.306354241277e+00
   2.331423309117e+00
   2.356492376957e+00
   2.381561444797e+00
   2.406630512637e+00
   2.431699580477e+00
   2.456768648317e+00
   2.481837716157e+00
   2.506906783997e+00
   2.531975851837e+00
   2.557044919677e+00
   2.582113987517e+00
   2.607183055357e+00
   2.632252123197e+00
   2.657321191037e+00
   2.682390258876e+00
   2.707459326716e+00
   2.732528394556e+00
   2.757597462396e+00
   2.782666530236e+00
   2.807735598076e+00
   2.832804665916e+00
   2.857873733756e+00
   2.882942801596e+00
   2.908011869436e+00
   2.933080937276e+00
   2.958150005116e+00
   2.983219072956e+00
   3.008288140796e+00
   3.033357208636e+00
   3.058426276476e+00
   3.083495344316e+00
   3.108564412156e+00
   3.133633479996e+00
   3.158702547836e+00
   3.183771615676e+00
   3.208840683516e+00
   3.233909751356e+00
   3.258978819196e+00
   3.284047887036e+00
   3.309116954876e+00
   3.334186022716e+00
   3.359255090556e+00
   3.384324158396e+00
   3.409393226236e+00
   3.434462294076e+00
   3.459531361915e+00
   3.484600429755e+00
   3.509669497595e+00
   3.534738565435e+00
   3.559807633275e+00
   3.584876701115e+00
   3.609945768955e+00
   3.635014836795e+00
   3.660083904635e+00
   3.685152972475e+00
   3.710222040315e+00
   3.735291108155e+00
   3.760360175995e+00
   3.785429243835e+00
   3.810498311675e+00
   3.835567379515e+00
   3.860636447355e+00
   3.885705515195e+00
   3.910774583035e+00
   3.935843650875e+00
   3.960912718715e+00
   3.985981786555e+00
   4.011050854395e+00
   4.036119922235e+00
   4.061188990075e+00
   4.086258057915e+00
   4.111327125755e+00
   4.136396193595e+00
   4.161465261435e+00
   4.186534329275e+00
   4.211603397114e+00
   4.236672464954e+00
   4.261741532794e+00
   4.286810600634e+00
   4.311879668474e+00
   4.336948736314e+00
   4.362017804154e+00
   4.387086871994e+00
   4.412155939834e+00
   4.437225007674e+00
   4.462294075514e+00
   4.487363143354e+00
   4.512432211194e+00
   4.537501279034e+00
   4.562570346874e+00
   4.587639414714e+00
   4.612708482554e+00
   4.637777550394e+00
   4.662846618234e+00
   4.687915686074e+00
   4.712984753914e+00
   4.738053821754e+00
   4.763122889594e+00
   4.788191957434e+00
   4.813261025274e+00
   4.838330093114e+00
   4.863399160954e+00
   4.888468228794e+00
   4.913537296634e+00
   4.938606364474e+00
   4.963675432314e+00
   4.988744500153e+00
   5.013813567993e+00
   5.038882635833e+00
   5.063951703673e+00
   5.089020771513e+00
   5.114089839353e+00
   5.139158907193e+00
   5.164227975033e+00
   5.189297042873e+00
   5.214366110713e+00
   5.239435178553e+00
   5.264504246393e+00
   5.289573314233e+00
   5.314642382073e+00
   5.339711449913e+00
   5.364780517753e+00
   5.389849585593e+00
   5.414918653433e+00
   5.439987721273e+00
   5.465056789113e+00
   5.490125856953e+00
   5.515194924793e+00
   5.540263992633e+00
   5.565333060473e+00
   5.590402128313e+00
   5.615471196153e+00
   5.640540263993e+00
   5.665609331833e+00
   5.690678399673e+00
   5.715747467513e+00
   5.740816535353e+00
   5.765885603192e+00
   5.790954671032e+00
   5.816023738872e+00
   5.841092806712e+00
   5.866161874552e+00
   5.891230942392e+00
   5.916300010232e+00
   5.941369078072e+00
   5.966438145912e+00
   5.991507213752e+00
   6.016576281592e+00
   6.041645349432e+00
   6.066714417272e+00
   6.091783485112e+00
   6.116852552952e+00
   6.141921620792e+00
   6.166990688632e+00
   6.192059756472e+00
   6.217128824312e+00
   6.242197892152e+00
   6.267266959992e+00
   6.292336027832e+00
   6.317405095672e+00
   6.342474163512e+00
   6.367543231352e+00
   6.392612299192e+00
   6.417681367032e+00
   6.442750434872e+00
   6.467819502712e+00
   6.492888570552e+00
   6.517957638391e+00
   6.543026706231e+00
   6.568095774071e+00
   6.593164841911e+00
   6.618233909751e+00
   6.643302977591e+00
   6.668372045431e+00
   6.693441113271e+00
   6.718510181111e+00
   6.743579248951e+00
   6.768648316791e+00
   6.793717384631e+00
   6.818786452471e+00
   6.843855520311e+00
   6.868924588151e+00
   6.893993655991e+00
   6.919062723831e+00
   6.944131791671e+00
   6.969200859511e+00
   6.994269927351e+00
   7.019338995191e+00
   7.044408063031e+00
   7.069477130871e+00
   7.094546198711e+00
   7.119615266551e+00
   7.144684334391e+00
   7.169753402231e+00
   7.194822470071e+00
   7.219891537911e+00
   7.244960605751e+00
   7.270029673591e+00
   7.295098741430e+00
   7.320167809270e+00
   7.345236877110e+00
   7.370305944950e+00
   7.395375012790e+00
   7.420444080630e+00
   7.445513148470e+00
   7.470582216310e+00
   7.495651284150e+00
   7.520720351990e+00
   7.545789419830e+00
   7.570858487670e+00
   7.595927555510e+00
   7.620996623350e+00
   7.646065691190e+00
   7.671134759030e+00
   7.696203826870e+00
   7.721272894710e+00
   7.746341962550e+00
   7.771411030390e+00
   7.796480098230e+00
   7.821549166070e+00
   7.846618233910e+00
   7.871687301750e+00
   7.896756369590e+00
   7.921825437430e+00
   7.946894505270e+00
   7.971963573110e+00
   7.997032640950e+00
   8.022101708790e+00
   8.047170776629e+00
   8.072239844469e+00
   8.097308912309e+00
   8.122377980149e+00
   8.147447047989e+00
   8.172516115829e+00
   8.197585183669e+00
   8.222654251509e+00
   8.247723319349e+00
   8.272792387189e+00
   8.297861455029e+00
   8.322930522869e+00
   8.347999590709e+00
   8.373068658549e+00
   8.398137726389e+00
   8.423206794229e+00
   8.448275862069e+00
