ARMA_MAT_TXT_FN008
120 1
   2.902298850575e-02
   5.804597701149e-02
   8.706896551724e-02
   1.160919540230e-01
   1.451149425287e-01
   1.741379310345e-01
   2.031609195402e-01
   2.321839080460e-01
   2.612068965517e-01
   2.902298850575e-01
   3.192528735632e-01
   3.482758620690e-01
   3.772988505747e-01
   4.063218390805e-01
   4.353448275862e-01
   4.643678160920e-01
   4.933908045977e-01
   5.224137931034e-01
   5.514367816092e-01
   5.804597701149e-01
   6.094827586207e-01
   6.385057471264e-01
   6.675287356322e-01
   6.965517241379e-01
   7.255747126437e-01
   7.545977011494e-01
   7.836206896552e-01
   8.126436781609e-01
   8.416666666667e-01
   8.706896551724e-01
   8.997126436782e-01
   9.287356321839e-01
   9.577586206897e-01
   9.867816091954e-01
   1.015804597701e+00
   1.044827586207e+00
   1.073850574713e+00
   1.102873563218e+00
   1.131896551724e+00
   1.160919540230e+00
   1.189942528736e+00
   1.218965517241e+00
   1.247988505747e+00
   1.277011494253e+00
   1.306034482759e+00
   1.335057471264e+00
   1.364080459770e+00
   1.393103448276e+00
   1.422126436782e+00
   1.451149425287e+00
   1.480172413793e+00
   1.509195402299e+00
   1.538218390805e+00
   1.567241379310e+00
   1.596264367816e+00
   1.625287356322e+00
   1.654310344828e+00
   1.683333333333e+00
   1.712356321839e+00
   1.741379310345e+00
   1.770402298851e+00
   1.799425287356e+00
   1.828448275862e+00
   1.857471264368e+00
   1.886494252874e+00
   1.915517241379e+00
   1.944540229885e+00
   1.973563218391e+00
   2.002586206897e+00
   2.031609195402e+00
   2.060632183908e+00
   2.089655172414e+00
   2.118678160920e+00
   2.147701149425e+00
   2.176724137931e+00
   2.205747126437e+00
   2.234770114943e+00
   2.263793103448e+00
   2.292816091954e+00
   2.321839080460e+00
   2.350862068966e+00
   2.379885057471e+00
   2.408908045977e+00
   2.437931034483e+00
   2.466954022989e+00
   2.495977011494e+00
   2.525000000000e+00
   2.554022988506e+00
   2.583045977011e+00
   2.612068965517e+00
   2.641091954023e+00
   2.670114942529e+00
   2.699137931034e+00
   2.728160919540e+00
   2.757183908046e+00
   2.786206896552e+00
   2.815229885057e+00
   2.844252873563e+00
   2.873275862069e+00
   2.902298850575e+00
   2.931321839080e+00
   2.960344827586e+00
   2.989367816092e+00
   3.018390804598e+00
   3.047413793103e+00
   3.076436781609e+00
   3.105459770115e+00
   3.134482758621e+00
   3.163505747126e+00
   3.192528735632e+00
   3.221551724138e+00
   3.250574712644e+00
   3.279597701149e+00
   3.308620689655e+00
   3.337643678161e+00
   3.366666666667e+00
   3.395689655172e+00
   3.424712643678e+00
   3.453735632184e+00
   3.482758620690e+00
