ARMA_MAT_TXT_FN008
77 1
   2.507836990596e-02
   5.015673981191e-02
   7.523510971787e-02
   1.003134796238e-01
   1.253918495298e-01
   1.504702194357e-01
   1.755485893417e-01
   2.006269592476e-01
   2.257053291536e-01
   2.507836990596e-01
   2.758620689655e-01
   3.009404388715e-01
   3.260188087774e-01
   3.510971786834e-01
   3.761755485893e-01
   4.012539184953e-01
   4.263322884013e-01
   4.514106583072e-01
   4.764890282132e-01
   5.015673981191e-01
   5.266457680251e-01
   5.517241379310e-01
   5.768025078370e-01
   6.018808777429e-01
   6.269592476489e-01
   6.520376175549e-01
   6.771159874608e-01
   7.021943573668e-01
   7.272727272727e-01
   7.523510971787e-01
   7.774294670846e-01
   8.025078369906e-01
   8.275862068966e-01
   8.526645768025e-01
   8.777429467085e-01
   9.028213166144e-01
   9.278996865204e-01
   9.529780564263e-01
   9.780564263323e-01
   1.003134796238e+00
   1.028213166144e+00
   1.053291536050e+00
   1.078369905956e+00
   1.103448275862e+00
   1.128526645768e+00
   1.153605015674e+00
   1.178683385580e+00
   1.203761755486e+00
   1.228840125392e+00
   1.253918495298e+00
   1.278996865204e+00
   1.304075235110e+00
   1.329153605016e+00
   1.354231974922e+00
   1.379310344828e+00
   1.404388714734e+00
   1.429467084639e+00
   1.454545454545e+00
   1.479623824451e+00
   1.504702194357e+00
   1.529780564263e+00
   1.554858934169e+00
   1.579937304075e+00
   1.605015673981e+00
   1.630094043887e+00
   1.655172413793e+00
   1.680250783699e+00
   1.705329153605e+00
   1.730407523511e+00
   1.755485893417e+00
   1.780564263323e+00
   1.805642633229e+00
   1.830721003135e+00
   1.855799373041e+00
   1.880877742947e+00
   1.905956112853e+00
   1.931034482759e+00
