ARMA_MAT_TXT_FN008
200 1
   4.534482758621e-02
   9.068965517241e-02
   1.360344827586e-01
   1.813793103448e-01
   2.267241379310e-01
   2.720689655172e-01
   3.174137931034e-01
   3.627586206897e-01
   4.081034482759e-01
   4.534482758621e-01
   4.987931034483e-01
   5.441379310345e-01
   5.894827586207e-01
   6.348275862069e-01
   6.801724137931e-01
   7.255172413793e-01
   7.708620689655e-01
   8.162068965517e-01
   8.615517241379e-01
   9.068965517241e-01
   9.522413793103e-01
   9.975862068966e-01
   1.042931034483e+00
   1.088275862069e+00
   1.133620689655e+00
   1.178965517241e+00
   1.224310344828e+00
   1.269655172414e+00
   1.315000000000e+00
   1.360344827586e+00
   1.405689655172e+00
   1.451034482759e+00
   1.496379310345e+00
   1.541724137931e+00
   1.587068965517e+00
   1.632413793103e+00
   1.677758620690e+00
   1.723103448276e+00
   1.768448275862e+00
   1.813793103448e+00
   1.859137931034e+00
   1.904482758621e+00
   1.949827586207e+00
   1.995172413793e+00
   2.040517241379e+00
   2.085862068966e+00
   2.131206896552e+00
   2.176551724138e+00
   2.221896551724e+00
   2.267241379310e+00
   2.312586206897e+00
   2.357931034483e+00
   2.403275862069e+00
   2.448620689655e+00
   2.493965517241e+00
   2.539310344828e+00
   2.584655172414e+00
   2.630000000000e+00
   2.675344827586e+00
   2.720689655172e+00
   2.766034482759e+00
   2.811379310345e+00
   2.856724137931e+00
   2.902068965517e+00
   2.947413793103e+00
   2.992758620690e+00
   3.038103448276e+00
   3.083448275862e+00
   3.128793103448e+00
   3.174137931034e+00
   3.219482758621e+00
   3.264827586207e+00
   3.310172413793e+00
   3.355517241379e+00
   3.400862068966e+00
   3.446206896552e+00
   3.491551724138e+00
   3.536896551724e+00
   3.582241379310e+00
   3.627586206897e+00
   3.672931034483e+00
   3.718275862069e+00
   3.763620689655e+00
   3.808965517241e+00
   3.854310344828e+00
   3.899655172414e+00
   3.945000000000e+00
   3.990344827586e+00
   4.035689655172e+00
   4.081034482759e+00
   4.126379310345e+00
   4.171724137931e+00
   4.217068965517e+00
   4.262413793103e+00
   4.307758620690e+00
   4.353103448276e+00
   4.398448275862e+00
   4.443793103448e+00
   4.489137931034e+00
   4.534482758621e+00
   4.579827586207e+00
   4.625172413793e+00
   4.670517241379e+00
   4.715862068966e+00
   4.761206896552e+00
   4.806551724138e+00
   4.851896551724e+00
   4.897241379310e+00
   4.942586206897e+00
   4.987931034483e+00
   5.033275862069e+00
   5.078620689655e+00
   5.123965517241e+00
   5.169310344828e+00
   5.214655172414e+00
   5.260000000000e+00
   5.305344827586e+00
   5.350689655172e+00
   5.396034482759e+00
   5.441379310345e+00
   5.486724137931e+00
   5.532068965517e+00
   5.577413793103e+00
   5.622758620690e+00
   5.668103448276e+00
   5.713448275862e+00
   5.758793103448e+00
   5.804137931034e+00
   5.849482758621e+00
   5.894827586207e+00
   5.940172413793e+00
   5.985517241379e+00
   6.030862068966e+00
   6.076206896552e+00
   6.121551724138e+00
   6.166896551724e+00
   6.212241379310e+00
   6.257586206897e+00
   6.302931034483e+00
   6.348275862069e+00
   6.393620689655e+00
   6.438965517241e+00
   6.484310344828e+00
   6.529655172414e+00
   6.575000000000e+00
   6.620344827586e+00
   6.665689655172e+00
   6.711034482759e+00
   6.756379310345e+00
   6.801724137931e+00
   6.847068965517e+00
   6.892413793103e+00
   6.937758620690e+00
   6.983103448276e+00
   7.028448275862e+00
   7.073793103448e+00
   7.119137931034e+00
   7.164482758621e+00
   7.209827586207e+00
   7.255172413793e+00
   7.300517241379e+00
   7.345862068966e+00
   7.391206896552e+00
   7.436551724138e+00
   7.481896551724e+00
   7.527241379310e+00
   7.572586206897e+00
   7.617931034483e+00
   7.663275862069e+00
   7.708620689655e+00
   7.753965517241e+00
   7.799310344828e+00
   7.844655172414e+00
   7.890000000000e+00
   7.935344827586e+00
   7.980689655172e+00
   8.026034482759e+00
   8.071379310345e+00
   8.116724137931e+00
   8.162068965517e+00
   8.207413793103e+00
   8.252758620690e+00
   8.298103448276e+00
   8.343448275862e+00
   8.388793103448e+00
   8.434137931034e+00
   8.479482758621e+00
   8.524827586207e+00
   8.570172413793e+00
   8.615517241379e+00
   8.660862068966e+00
   8.706206896552e+00
   8.751551724138e+00
   8.796896551724e+00
   8.842241379310e+00
   8.887586206897e+00
   8.932931034483e+00
   8.978275862069e+00
   9.023620689655e+00
   9.068965517241e+00
