ARMA_MAT_TXT_FN008
200 1
   3.758620689655e-02
   7.517241379310e-02
   1.127586206897e-01
   1.503448275862e-01
   1.879310344828e-01
   2.255172413793e-01
   2.631034482759e-01
   3.006896551724e-01
   3.382758620690e-01
   3.758620689655e-01
   4.134482758621e-01
   4.510344827586e-01
   4.886206896552e-01
   5.262068965517e-01
   5.637931034483e-01
   6.013793103448e-01
   6.389655172414e-01
   6.765517241379e-01
   7.141379310345e-01
   7.517241379310e-01
   7.893103448276e-01
   8.268965517241e-01
   8.644827586207e-01
   9.020689655172e-01
   9.396551724138e-01
   9.772413793103e-01
   1.014827586207e+00
   1.052413793103e+00
   1.090000000000e+00
   1.127586206897e+00
   1.165172413793e+00
   1.202758620690e+00
   1.240344827586e+00
   1.277931034483e+00
   1.315517241379e+00
   1.353103448276e+00
   1.390689655172e+00
   1.428275862069e+00
   1.465862068966e+00
   1.503448275862e+00
   1.541034482759e+00
   1.578620689655e+00
   1.616206896552e+00
   1.653793103448e+00
   1.691379310345e+00
   1.728965517241e+00
   1.766551724138e+00
   1.804137931034e+00
   1.841724137931e+00
   1.879310344828e+00
   1.916896551724e+00
   1.954482758621e+00
   1.992068965517e+00
   2.029655172414e+00
   2.067241379310e+00
   2.104827586207e+00
   2.142413793103e+00
   2.180000000000e+00
   2.217586206897e+00
   2.255172413793e+00
   2.292758620690e+00
   2.330344827586e+00
   2.367931034483e+00
   2.405517241379e+00
   2.443103448276e+00
   2.480689655172e+00
   2.518275862069e+00
   2.555862068966e+00
   2.593448275862e+00
   2.631034482759e+00
   2.668620689655e+00
   2.706206896552e+00
   2.743793103448e+00
   2.781379310345e+00
   2.818965517241e+00
   2.856551724138e+00
   2.894137931034e+00
   2.931724137931e+00
   2.969310344828e+00
   3.006896551724e+00
   3.044482758621e+00
   3.082068965517e+00
   3.119655172414e+00
   3.157241379310e+00
   3.194827586207e+00
   3.232413793103e+00
   3.270000000000e+00
   3.307586206897e+00
   3.345172413793e+00
   3.382758620690e+00
   3.420344827586e+00
   3.457931034483e+00
   3.495517241379e+00
   3.533103448276e+00
   3.570689655172e+00
   3.608275862069e+00
   3.645862068966e+00
   3.683448275862e+00
   3.721034482759e+00
   3.758620689655e+00
   3.796206896552e+00
   3.833793103448e+00
   3.871379310345e+00
   3.908965517241e+00
   3.946551724138e+00
   3.984137931034e+00
   4.021724137931e+00
   4.059310344828e+00
   4.096896551724e+00
   4.134482758621e+00
   4.172068965517e+00
   4.209655172414e+00
   4.247241379310e+00
   4.284827586207e+00
   4.322413793103e+00
   4.360000000000e+00
   4.397586206897e+00
   4.435172413793e+00
   4.472758620690e+00
   4.510344827586e+00
   4.547931034483e+00
   4.585517241379e+00
   4.623103448276e+00
   4.660689655172e+00
   4.698275862069e+00
   4.735862068966e+00
   4.773448275862e+00
   4.811034482759e+00
   4.848620689655e+00
   4.886206896552e+00
   4.923793103448e+00
   4.961379310345e+00
   4.998965517241e+00
   5.036551724138e+00
   5.074137931034e+00
   5.111724137931e+00
   5.149310344828e+00
   5.186896551724e+00
   5.224482758621e+00
   5.262068965517e+00
   5.299655172414e+00
   5.337241379310e+00
   5.374827586207e+00
   5.412413793103e+00
   5.450000000000e+00
   5.487586206897e+00
   5.525172413793e+00
   5.562758620690e+00
   5.600344827586e+00
   5.637931034483e+00
   5.675517241379e+00
   5.713103448276e+00
   5.750689655172e+00
   5.788275862069e+00
   5.825862068966e+00
   5.863448275862e+00
   5.901034482759e+00
   5.938620689655e+00
   5.976206896552e+00
   6.013793103448e+00
   6.051379310345e+00
   6.088965517241e+00
   6.126551724138e+00
   6.164137931034e+00
   6.201724137931e+00
   6.239310344828e+00
   6.276896551724e+00
   6.314482758621e+00
   6.352068965517e+00
   6.389655172414e+00
   6.427241379310e+00
   6.464827586207e+00
   6.502413793103e+00
   6.540000000000e+00
   6.577586206897e+00
   6.615172413793e+00
   6.652758620690e+00
   6.690344827586e+00
   6.727931034483e+00
   6.765517241379e+00
   6.803103448276e+00
   6.840689655172e+00
   6.878275862069e+00
   6.915862068966e+00
   6.953448275862e+00
   6.991034482759e+00
   7.028620689655e+00
   7.066206896552e+00
   7.103793103448e+00
   7.141379310345e+00
   7.178965517241e+00
   7.216551724138e+00
   7.254137931034e+00
   7.291724137931e+00
   7.329310344828e+00
   7.366896551724e+00
   7.404482758621e+00
   7.442068965517e+00
   7.479655172414e+00
   7.517241379310e+00
