ARMA_MAT_TXT_FN008
325 1
   2.503978779841e-02
   5.007957559682e-02
   7.511936339523e-02
   1.001591511936e-01
   1.251989389920e-01
   1.502387267905e-01
   1.752785145889e-01
   2.003183023873e-01
   2.253580901857e-01
   2.503978779841e-01
   2.754376657825e-01
   3.004774535809e-01
   3.255172413793e-01
   3.505570291777e-01
   3.755968169761e-01
   4.006366047745e-01
   4.256763925729e-01
   4.507161803714e-01
   4.757559681698e-01
   5.007957559682e-01
   5.258355437666e-01
   5.508753315650e-01
   5.759151193634e-01
   6.009549071618e-01
   6.259946949602e-01
   6.510344827586e-01
   6.760742705570e-01
   7.011140583554e-01
   7.261538461538e-01
   7.511936339523e-01
   7.762334217507e-01
   8.012732095491e-01
   8.263129973475e-01
   8.513527851459e-01
   8.763925729443e-01
   9.014323607427e-01
   9.264721485411e-01
   9.515119363395e-01
   9.765517241379e-01
   1.001591511936e+00
   1.026631299735e+00
   1.051671087533e+00
   1.076710875332e+00
   1.101750663130e+00
   1.126790450928e+00
   1.151830238727e+00
   1.176870026525e+00
   1.201909814324e+00
   1.226949602122e+00
   1.251989389920e+00
   1.277029177719e+00
   1.302068965517e+00
   1.327108753316e+00
   1.352148541114e+00
   1.377188328912e+00
   1.402228116711e+00
   1.427267904509e+00
   1.452307692308e+00
   1.477347480106e+00
   1.502387267905e+00
   1.527427055703e+00
   1.552466843501e+00
   1.577506631300e+00
   1.602546419098e+00
   1.627586206897e+00
   1.652625994695e+00
   1.677665782493e+00
   1.702705570292e+00
   1.727745358090e+00
   1.752785145889e+00
   1.777824933687e+00
   1.802864721485e+00
   1.827904509284e+00
   1.852944297082e+00
   1.877984084881e+00
   1.903023872679e+00
   1.928063660477e+00
   1.953103448276e+00
   1.978143236074e+00
   2.003183023873e+00
   2.028222811671e+00
   2.053262599469e+00
   2.078302387268e+00
   2.103342175066e+00
   2.128381962865e+00
   2.153421750663e+00
   2.178461538462e+00
   2.203501326260e+00
   2.228541114058e+00
   2.253580901857e+00
   2.278620689655e+00
   2.303660477454e+00
   2.328700265252e+00
   2.353740053050e+00
   2.378779840849e+00
   2.403819628647e+00
   2.428859416446e+00
   2.453899204244e+00
   2.478938992042e+00
   2.503978779841e+00
   2.529018567639e+00
   2.554058355438e+00
   2.579098143236e+00
   2.604137931034e+00
   2.629177718833e+00
   2.654217506631e+00
   2.679257294430e+00
   2.704297082228e+00
   2.729336870027e+00
   2.754376657825e+00
   2.779416445623e+00
   2.804456233422e+00
   2.829496021220e+00
   2.854535809019e+00
   2.879575596817e+00
   2.904615384615e+00
   2.929655172414e+00
   2.954694960212e+00
   2.979734748011e+00
   3.004774535809e+00
   3.029814323607e+00
   3.054854111406e+00
   3.079893899204e+00
   3.104933687003e+00
   3.129973474801e+00
   3.155013262599e+00
   3.180053050398e+00
   3.205092838196e+00
   3.230132625995e+00
   3.255172413793e+00
   3.280212201592e+00
   3.305251989390e+00
   3.330291777188e+00
   3.355331564987e+00
   3.380371352785e+00
   3.405411140584e+00
   3.430450928382e+00
   3.455490716180e+00
   3.480530503979e+00
   3.505570291777e+00
   3.530610079576e+00
   3.555649867374e+00
   3.580689655172e+00
   3.605729442971e+00
   3.630769230769e+00
   3.655809018568e+00
   3.680848806366e+00
   3.705888594164e+00
   3.730928381963e+00
   3.755968169761e+00
   3.781007957560e+00
   3.806047745358e+00
   3.831087533156e+00
   3.856127320955e+00
   3.881167108753e+00
   3.906206896552e+00
   3.931246684350e+00
   3.956286472149e+00
   3.981326259947e+00
   4.006366047745e+00
   4.031405835544e+00
   4.056445623342e+00
   4.081485411141e+00
   4.106525198939e+00
   4.131564986737e+00
   4.156604774536e+00
   4.181644562334e+00
   4.206684350133e+00
   4.231724137931e+00
   4.256763925729e+00
   4.281803713528e+00
   4.306843501326e+00
   4.331883289125e+00
   4.356923076923e+00
   4.381962864721e+00
   4.407002652520e+00
   4.432042440318e+00
   4.457082228117e+00
   4.482122015915e+00
   4.507161803714e+00
   4.532201591512e+00
   4.557241379310e+00
   4.582281167109e+00
   4.607320954907e+00
   4.632360742706e+00
   4.657400530504e+00
   4.682440318302e+00
   4.707480106101e+00
   4.732519893899e+00
   4.757559681698e+00
   4.782599469496e+00
   4.807639257294e+00
   4.832679045093e+00
   4.857718832891e+00
   4.882758620690e+00
   4.907798408488e+00
   4.932838196286e+00
   4.957877984085e+00
   4.982917771883e+00
   5.007957559682e+00
   5.032997347480e+00
   5.058037135279e+00
   5.083076923077e+00
   5.108116710875e+00
   5.133156498674e+00
   5.158196286472e+00
   5.183236074271e+00
   5.208275862069e+00
   5.233315649867e+00
   5.258355437666e+00
   5.283395225464e+00
   5.308435013263e+00
   5.333474801061e+00
   5.358514588859e+00
   5.383554376658e+00
   5.408594164456e+00
   5.433633952255e+00
   5.458673740053e+00
   5.483713527851e+00
   5.508753315650e+00
   5.533793103448e+00
   5.558832891247e+00
   5.583872679045e+00
   5.608912466844e+00
   5.633952254642e+00
   5.658992042440e+00
   5.684031830239e+00
   5.709071618037e+00
   5.734111405836e+00
   5.759151193634e+00
   5.784190981432e+00
   5.809230769231e+00
   5.834270557029e+00
   5.859310344828e+00
   5.884350132626e+00
   5.909389920424e+00
   5.934429708223e+00
   5.959469496021e+00
   5.984509283820e+00
   6.009549071618e+00
   6.034588859416e+00
   6.059628647215e+00
   6.084668435013e+00
   6.109708222812e+00
   6.134748010610e+00
   6.159787798408e+00
   6.184827586207e+00
   6.209867374005e+00
   6.234907161804e+00
   6.259946949602e+00
   6.284986737401e+00
   6.310026525199e+00
   6.335066312997e+00
   6.360106100796e+00
   6.385145888594e+00
   6.410185676393e+00
   6.435225464191e+00
   6.460265251989e+00
   6.485305039788e+00
   6.510344827586e+00
   6.535384615385e+00
   6.560424403183e+00
   6.585464190981e+00
   6.610503978780e+00
   6.635543766578e+00
   6.660583554377e+00
   6.685623342175e+00
   6.710663129973e+00
   6.735702917772e+00
   6.760742705570e+00
   6.785782493369e+00
   6.810822281167e+00
   6.835862068966e+00
   6.860901856764e+00
   6.885941644562e+00
   6.910981432361e+00
   6.936021220159e+00
   6.961061007958e+00
   6.986100795756e+00
   7.011140583554e+00
   7.036180371353e+00
   7.061220159151e+00
   7.086259946950e+00
   7.111299734748e+00
   7.136339522546e+00
   7.161379310345e+00
   7.186419098143e+00
   7.211458885942e+00
   7.236498673740e+00
   7.261538461538e+00
   7.286578249337e+00
   7.311618037135e+00
   7.336657824934e+00
   7.361697612732e+00
   7.386737400531e+00
   7.411777188329e+00
   7.436816976127e+00
   7.461856763926e+00
   7.486896551724e+00
   7.511936339523e+00
   7.536976127321e+00
   7.562015915119e+00
   7.587055702918e+00
   7.612095490716e+00
   7.637135278515e+00
   7.662175066313e+00
   7.687214854111e+00
   7.712254641910e+00
   7.737294429708e+00
   7.762334217507e+00
   7.787374005305e+00
   7.812413793103e+00
   7.837453580902e+00
   7.862493368700e+00
   7.887533156499e+00
   7.912572944297e+00
   7.937612732095e+00
   7.962652519894e+00
   7.987692307692e+00
   8.012732095491e+00
   8.037771883289e+00
   8.062811671088e+00
   8.087851458886e+00
   8.112891246684e+00
   8.137931034483e+00
