ARMA_MAT_TXT_FN008
240 1
   2.873563218391e-02
   5.747126436782e-02
   8.620689655172e-02
   1.149425287356e-01
   1.436781609195e-01
   1.724137931034e-01
   2.011494252874e-01
   2.298850574713e-01
   2.586206896552e-01
   2.873563218391e-01
   3.160919540230e-01
   3.448275862069e-01
   3.735632183908e-01
   4.022988505747e-01
   4.310344827586e-01
   4.597701149425e-01
   4.885057471264e-01
   5.172413793103e-01
   5.459770114943e-01
   5.747126436782e-01
   6.034482758621e-01
   6.321839080460e-01
   6.609195402299e-01
   6.896551724138e-01
   7.183908045977e-01
   7.471264367816e-01
   7.758620689655e-01
   8.045977011494e-01
   8.333333333333e-01
   8.620689655172e-01
   8.908045977011e-01
   9.195402298851e-01
   9.482758620690e-01
   9.770114942529e-01
   1.005747126437e+00
   1.034482758621e+00
   1.063218390805e+00
   1.091954022989e+00
   1.120689655172e+00
   1.149425287356e+00
   1.178160919540e+00
   1.206896551724e+00
   1.235632183908e+00
   1.264367816092e+00
   1.293103448276e+00
   1.321839080460e+00
   1.350574712644e+00
   1.379310344828e+00
   1.408045977011e+00
   1.436781609195e+00
   1.465517241379e+00
   1.494252873563e+00
   1.522988505747e+00
   1.551724137931e+00
   1.580459770115e+00
   1.609195402299e+00
   1.637931034483e+00
   1.666666666667e+00
   1.695402298851e+00
   1.724137931034e+00
   1.752873563218e+00
   1.781609195402e+00
   1.810344827586e+00
   1.839080459770e+00
   1.867816091954e+00
   1.896551724138e+00
   1.925287356322e+00
   1.954022988506e+00
   1.982758620690e+00
   2.011494252874e+00
   2.040229885057e+00
   2.068965517241e+00
   2.097701149425e+00
   2.126436781609e+00
   2.155172413793e+00
   2.183908045977e+00
   2.212643678161e+00
   2.241379310345e+00
   2.270114942529e+00
   2.298850574713e+00
   2.327586206897e+00
   2.356321839080e+00
   2.385057471264e+00
   2.413793103448e+00
   2.442528735632e+00
   2.471264367816e+00
   2.500000000000e+00
   2.528735632184e+00
   2.557471264368e+00
   2.586206896552e+00
   2.614942528736e+00
   2.643678160920e+00
   2.672413793103e+00
   2.701149425287e+00
   2.729885057471e+00
   2.758620689655e+00
   2.787356321839e+00
   2.816091954023e+00
   2.844827586207e+00
   2.873563218391e+00
   2.902298850575e+00
   2.931034482759e+00
   2.959770114943e+00
   2.988505747126e+00
   3.017241379310e+00
   3.045977011494e+00
   3.074712643678e+00
   3.103448275862e+00
   3.132183908046e+00
   3.160919540230e+00
   3.189655172414e+00
   3.218390804598e+00
   3.247126436782e+00
   3.275862068966e+00
   3.304597701149e+00
   3.333333333333e+00
   3.362068965517e+00
   3.390804597701e+00
   3.419540229885e+00
   3.448275862069e+00
   3.477011494253e+00
   3.505747126437e+00
   3.534482758621e+00
   3.563218390805e+00
   3.591954022989e+00
   3.620689655172e+00
   3.649425287356e+00
   3.678160919540e+00
   3.706896551724e+00
   3.735632183908e+00
   3.764367816092e+00
   3.793103448276e+00
   3.821839080460e+00
   3.850574712644e+00
   3.879310344828e+00
   3.908045977011e+00
   3.936781609195e+00
   3.965517241379e+00
   3.994252873563e+00
   4.022988505747e+00
   4.051724137931e+00
   4.080459770115e+00
   4.109195402299e+00
   4.137931034483e+00
   4.166666666667e+00
   4.195402298851e+00
   4.224137931034e+00
   4.252873563218e+00
   4.281609195402e+00
   4.310344827586e+00
   4.339080459770e+00
   4.367816091954e+00
   4.396551724138e+00
   4.425287356322e+00
   4.454022988506e+00
   4.482758620690e+00
   4.511494252874e+00
   4.540229885057e+00
   4.568965517241e+00
   4.597701149425e+00
   4.626436781609e+00
   4.655172413793e+00
   4.683908045977e+00
   4.712643678161e+00
   4.741379310345e+00
   4.770114942529e+00
   4.798850574713e+00
   4.827586206897e+00
   4.856321839080e+00
   4.885057471264e+00
   4.913793103448e+00
   4.942528735632e+00
   4.971264367816e+00
   5.000000000000e+00
   5.028735632184e+00
   5.057471264368e+00
   5.086206896552e+00
   5.114942528736e+00
   5.143678160920e+00
   5.172413793103e+00
   5.201149425287e+00
   5.229885057471e+00
   5.258620689655e+00
   5.287356321839e+00
   5.316091954023e+00
   5.344827586207e+00
   5.373563218391e+00
   5.402298850575e+00
   5.431034482759e+00
   5.459770114943e+00
   5.488505747126e+00
   5.517241379310e+00
   5.545977011494e+00
   5.574712643678e+00
   5.603448275862e+00
   5.632183908046e+00
   5.660919540230e+00
   5.689655172414e+00
   5.718390804598e+00
   5.747126436782e+00
   5.775862068966e+00
   5.804597701149e+00
   5.833333333333e+00
   5.862068965517e+00
   5.890804597701e+00
   5.919540229885e+00
   5.948275862069e+00
   5.977011494253e+00
   6.005747126437e+00
   6.034482758621e+00
   6.063218390805e+00
   6.091954022989e+00
   6.120689655172e+00
   6.149425287356e+00
   6.178160919540e+00
   6.206896551724e+00
   6.235632183908e+00
   6.264367816092e+00
   6.293103448276e+00
   6.321839080460e+00
   6.350574712644e+00
   6.379310344828e+00
   6.408045977011e+00
   6.436781609195e+00
   6.465517241379e+00
   6.494252873563e+00
   6.522988505747e+00
   6.551724137931e+00
   6.580459770115e+00
   6.609195402299e+00
   6.637931034483e+00
   6.666666666667e+00
   6.695402298851e+00
   6.724137931034e+00
   6.752873563218e+00
   6.781609195402e+00
   6.810344827586e+00
   6.839080459770e+00
   6.867816091954e+00
   6.896551724138e+00
