ARMA_MAT_TXT_FN008
40 1
   4.051724137931e-02
   8.103448275862e-02
   1.215517241379e-01
   1.620689655172e-01
   2.025862068966e-01
   2.431034482759e-01
   2.836206896552e-01
   3.241379310345e-01
   3.646551724138e-01
   4.051724137931e-01
   4.456896551724e-01
   4.862068965517e-01
   5.267241379310e-01
   5.672413793103e-01
   6.077586206897e-01
   6.482758620690e-01
   6.887931034483e-01
   7.293103448276e-01
   7.698275862069e-01
   8.103448275862e-01
   8.508620689655e-01
   8.913793103448e-01
   9.318965517241e-01
   9.724137931034e-01
   1.012931034483e+00
   1.053448275862e+00
   1.093965517241e+00
   1.134482758621e+00
   1.175000000000e+00
   1.215517241379e+00
   1.256034482759e+00
   1.296551724138e+00
   1.337068965517e+00
   1.377586206897e+00
   1.418103448276e+00
   1.458620689655e+00
   1.499137931034e+00
   1.539655172414e+00
   1.580172413793e+00
   1.620689655172e+00
