ARMA_MAT_TXT_FN008
164 1
   2.502102607233e-02
   5.004205214466e-02
   7.506307821699e-02
   1.000841042893e-01
   1.251051303616e-01
   1.501261564340e-01
   1.751471825063e-01
   2.001682085786e-01
   2.251892346510e-01
   2.502102607233e-01
   2.752312867956e-01
   3.002523128680e-01
   3.252733389403e-01
   3.502943650126e-01
   3.753153910849e-01
   4.003364171573e-01
   4.253574432296e-01
   4.503784693019e-01
   4.753994953743e-01
   5.004205214466e-01
   5.254415475189e-01
   5.504625735913e-01
   5.754835996636e-01
   6.005046257359e-01
   6.255256518082e-01
   6.505466778806e-01
   6.755677039529e-01
   7.005887300252e-01
   7.256097560976e-01
   7.506307821699e-01
   7.756518082422e-01
   8.006728343146e-01
   8.256938603869e-01
   8.507148864592e-01
   8.757359125315e-01
   9.007569386039e-01
   9.257779646762e-01
   9.507989907485e-01
   9.758200168209e-01
   1.000841042893e+00
   1.025862068966e+00
   1.050883095038e+00
   1.075904121110e+00
   1.100925147183e+00
   1.125946173255e+00
   1.150967199327e+00
   1.175988225399e+00
   1.201009251472e+00
   1.226030277544e+00
   1.251051303616e+00
   1.276072329689e+00
   1.301093355761e+00
   1.326114381833e+00
   1.351135407906e+00
   1.376156433978e+00
   1.401177460050e+00
   1.426198486123e+00
   1.451219512195e+00
   1.476240538267e+00
   1.501261564340e+00
   1.526282590412e+00
   1.551303616484e+00
   1.576324642557e+00
   1.601345668629e+00
   1.626366694701e+00
   1.651387720774e+00
   1.676408746846e+00
   1.701429772918e+00
   1.726450798991e+00
   1.751471825063e+00
   1.776492851135e+00
   1.801513877208e+00
   1.826534903280e+00
   1.851555929352e+00
   1.876576955425e+00
   1.901597981497e+00
   1.926619007569e+00
   1.951640033642e+00
   1.976661059714e+00
   2.001682085786e+00
   2.026703111859e+00
   2.051724137931e+00
   2.076745164003e+00
   2.101766190076e+00
   2.126787216148e+00
   2.151808242220e+00
   2.176829268293e+00
   2.201850294365e+00
   2.226871320437e+00
   2.251892346510e+00
   2.276913372582e+00
   2.301934398654e+00
   2.326955424727e+00
   2.351976450799e+00
   2.376997476871e+00
   2.402018502944e+00
   2.427039529016e+00
   2.452060555088e+00
   2.477081581161e+00
   2.502102607233e+00
   2.527123633305e+00
   2.552144659378e+00
   2.577165685450e+00
   2.602186711522e+00
   2.627207737595e+00
   2.652228763667e+00
   2.677249789739e+00
   2.702270815812e+00
   2.727291841884e+00
   2.752312867956e+00
   2.777333894029e+00
   2.802354920101e+00
   2.827375946173e+00
   2.852396972246e+00
   2.877417998318e+00
   2.902439024390e+00
   2.927460050463e+00
   2.952481076535e+00
   2.977502102607e+00
   3.002523128680e+00
   3.027544154752e+00
   3.052565180824e+00
   3.077586206897e+00
   3.102607232969e+00
   3.127628259041e+00
   3.152649285114e+00
   3.177670311186e+00
   3.202691337258e+00
   3.227712363331e+00
   3.252733389403e+00
   3.277754415475e+00
   3.302775441548e+00
   3.327796467620e+00
   3.352817493692e+00
   3.377838519765e+00
   3.402859545837e+00
   3.427880571909e+00
   3.452901597981e+00
   3.477922624054e+00
   3.502943650126e+00
   3.527964676198e+00
   3.552985702271e+00
   3.578006728343e+00
   3.603027754415e+00
   3.628048780488e+00
   3.653069806560e+00
   3.678090832632e+00
   3.703111858705e+00
   3.728132884777e+00
   3.753153910849e+00
   3.778174936922e+00
   3.803195962994e+00
   3.828216989066e+00
   3.853238015139e+00
   3.878259041211e+00
   3.903280067283e+00
   3.928301093356e+00
   3.953322119428e+00
   3.978343145500e+00
   4.003364171573e+00
   4.028385197645e+00
   4.053406223717e+00
   4.078427249790e+00
   4.103448275862e+00
