ARMA_MAT_TXT_FN008
200 1
   1.120689655172e-02
   2.241379310345e-02
   3.362068965517e-02
   4.482758620690e-02
   5.603448275862e-02
   6.724137931034e-02
   7.844827586207e-02
   8.965517241379e-02
   1.008620689655e-01
   1.120689655172e-01
   1.232758620690e-01
   1.344827586207e-01
   1.456896551724e-01
   1.568965517241e-01
   1.681034482759e-01
   1.793103448276e-01
   1.905172413793e-01
   2.017241379310e-01
   2.129310344828e-01
   2.241379310345e-01
   2.353448275862e-01
   2.465517241379e-01
   2.577586206897e-01
   2.689655172414e-01
   2.801724137931e-01
   2.913793103448e-01
   3.025862068966e-01
   3.137931034483e-01
   3.250000000000e-01
   3.362068965517e-01
   3.474137931034e-01
   3.586206896552e-01
   3.698275862069e-01
   3.810344827586e-01
   3.922413793103e-01
   4.034482758621e-01
   4.146551724138e-01
   4.258620689655e-01
   4.370689655172e-01
   4.482758620690e-01
   4.594827586207e-01
   4.706896551724e-01
   4.818965517241e-01
   4.931034482759e-01
   5.043103448276e-01
   5.155172413793e-01
   5.267241379310e-01
   5.379310344828e-01
   5.491379310345e-01
   5.603448275862e-01
   5.715517241379e-01
   5.827586206897e-01
   5.939655172414e-01
   6.051724137931e-01
   6.163793103448e-01
   6.275862068966e-01
   6.387931034483e-01
   6.500000000000e-01
   6.612068965517e-01
   6.724137931034e-01
   6.836206896552e-01
   6.948275862069e-01
   7.060344827586e-01
   7.172413793103e-01
   7.284482758621e-01
   7.396551724138e-01
   7.508620689655e-01
   7.620689655172e-01
   7.732758620690e-01
   7.844827586207e-01
   7.956896551724e-01
   8.068965517241e-01
   8.181034482759e-01
   8.293103448276e-01
   8.405172413793e-01
   8.517241379310e-01
   8.629310344828e-01
   8.741379310345e-01
   8.853448275862e-01
   8.965517241379e-01
   9.077586206897e-01
   9.189655172414e-01
   9.301724137931e-01
   9.413793103448e-01
   9.525862068966e-01
   9.637931034483e-01
   9.750000000000e-01
   9.862068965517e-01
   9.974137931034e-01
   1.008620689655e+00
   1.019827586207e+00
   1.031034482759e+00
   1.042241379310e+00
   1.053448275862e+00
   1.064655172414e+00
   1.075862068966e+00
   1.087068965517e+00
   1.098275862069e+00
   1.109482758621e+00
   1.120689655172e+00
   1.131896551724e+00
   1.143103448276e+00
   1.154310344828e+00
   1.165517241379e+00
   1.176724137931e+00
   1.187931034483e+00
   1.199137931034e+00
   1.210344827586e+00
   1.221551724138e+00
   1.232758620690e+00
   1.243965517241e+00
   1.255172413793e+00
   1.266379310345e+00
   1.277586206897e+00
   1.288793103448e+00
   1.300000000000e+00
   1.311206896552e+00
   1.322413793103e+00
   1.333620689655e+00
   1.344827586207e+00
   1.356034482759e+00
   1.367241379310e+00
   1.378448275862e+00
   1.389655172414e+00
   1.400862068966e+00
   1.412068965517e+00
   1.423275862069e+00
   1.434482758621e+00
   1.445689655172e+00
   1.456896551724e+00
   1.468103448276e+00
   1.479310344828e+00
   1.490517241379e+00
   1.501724137931e+00
   1.512931034483e+00
   1.524137931034e+00
   1.535344827586e+00
   1.546551724138e+00
   1.557758620690e+00
   1.568965517241e+00
   1.580172413793e+00
   1.591379310345e+00
   1.602586206897e+00
   1.613793103448e+00
   1.625000000000e+00
   1.636206896552e+00
   1.647413793103e+00
   1.658620689655e+00
   1.669827586207e+00
   1.681034482759e+00
   1.692241379310e+00
   1.703448275862e+00
   1.714655172414e+00
   1.725862068966e+00
   1.737068965517e+00
   1.748275862069e+00
   1.759482758621e+00
   1.770689655172e+00
   1.781896551724e+00
   1.793103448276e+00
   1.804310344828e+00
   1.815517241379e+00
   1.826724137931e+00
   1.837931034483e+00
   1.849137931034e+00
   1.860344827586e+00
   1.871551724138e+00
   1.882758620690e+00
   1.893965517241e+00
   1.905172413793e+00
   1.916379310345e+00
   1.927586206897e+00
   1.938793103448e+00
   1.950000000000e+00
   1.961206896552e+00
   1.972413793103e+00
   1.983620689655e+00
   1.994827586207e+00
   2.006034482759e+00
   2.017241379310e+00
   2.028448275862e+00
   2.039655172414e+00
   2.050862068966e+00
   2.062068965517e+00
   2.073275862069e+00
   2.084482758621e+00
   2.095689655172e+00
   2.106896551724e+00
   2.118103448276e+00
   2.129310344828e+00
   2.140517241379e+00
   2.151724137931e+00
   2.162931034483e+00
   2.174137931034e+00
   2.185344827586e+00
   2.196551724138e+00
   2.207758620690e+00
   2.218965517241e+00
   2.230172413793e+00
   2.241379310345e+00
