ARMA_MAT_TXT_FN008
226 1
   2.502288678670e-02
   5.004577357339e-02
   7.506866036009e-02
   1.000915471468e-01
   1.251144339335e-01
   1.501373207202e-01
   1.751602075069e-01
   2.001830942936e-01
   2.252059810803e-01
   2.502288678670e-01
   2.752517546536e-01
   3.002746414403e-01
   3.252975282270e-01
   3.503204150137e-01
   3.753433018004e-01
   4.003661885871e-01
   4.253890753738e-01
   4.504119621605e-01
   4.754348489472e-01
   5.004577357339e-01
   5.254806225206e-01
   5.505035093073e-01
   5.755263960940e-01
   6.005492828807e-01
   6.255721696674e-01
   6.505950564541e-01
   6.756179432408e-01
   7.006408300275e-01
   7.256637168142e-01
   7.506866036009e-01
   7.757094903875e-01
   8.007323771742e-01
   8.257552639609e-01
   8.507781507476e-01
   8.758010375343e-01
   9.008239243210e-01
   9.258468111077e-01
   9.508696978944e-01
   9.758925846811e-01
   1.000915471468e+00
   1.025938358255e+00
   1.050961245041e+00
   1.075984131828e+00
   1.101007018615e+00
   1.126029905401e+00
   1.151052792188e+00
   1.176075678975e+00
   1.201098565761e+00
   1.226121452548e+00
   1.251144339335e+00
   1.276167226121e+00
   1.301190112908e+00
   1.326212999695e+00
   1.351235886482e+00
   1.376258773268e+00
   1.401281660055e+00
   1.426304546842e+00
   1.451327433628e+00
   1.476350320415e+00
   1.501373207202e+00
   1.526396093988e+00
   1.551418980775e+00
   1.576441867562e+00
   1.601464754348e+00
   1.626487641135e+00
   1.651510527922e+00
   1.676533414709e+00
   1.701556301495e+00
   1.726579188282e+00
   1.751602075069e+00
   1.776624961855e+00
   1.801647848642e+00
   1.826670735429e+00
   1.851693622215e+00
   1.876716509002e+00
   1.901739395789e+00
   1.926762282576e+00
   1.951785169362e+00
   1.976808056149e+00
   2.001830942936e+00
   2.026853829722e+00
   2.051876716509e+00
   2.076899603296e+00
   2.101922490082e+00
   2.126945376869e+00
   2.151968263656e+00
   2.176991150442e+00
   2.202014037229e+00
   2.227036924016e+00
   2.252059810803e+00
   2.277082697589e+00
   2.302105584376e+00
   2.327128471163e+00
   2.352151357949e+00
   2.377174244736e+00
   2.402197131523e+00
   2.427220018309e+00
   2.452242905096e+00
   2.477265791883e+00
   2.502288678670e+00
   2.527311565456e+00
   2.552334452243e+00
   2.577357339030e+00
   2.602380225816e+00
   2.627403112603e+00
   2.652425999390e+00
   2.677448886176e+00
   2.702471772963e+00
   2.727494659750e+00
   2.752517546536e+00
   2.777540433323e+00
   2.802563320110e+00
   2.827586206897e+00
   2.852609093683e+00
   2.877631980470e+00
   2.902654867257e+00
   2.927677754043e+00
   2.952700640830e+00
   2.977723527617e+00
   3.002746414403e+00
   3.027769301190e+00
   3.052792187977e+00
   3.077815074764e+00
   3.102837961550e+00
   3.127860848337e+00
   3.152883735124e+00
   3.177906621910e+00
   3.202929508697e+00
   3.227952395484e+00
   3.252975282270e+00
   3.277998169057e+00
   3.303021055844e+00
   3.328043942630e+00
   3.353066829417e+00
   3.378089716204e+00
   3.403112602991e+00
   3.428135489777e+00
   3.453158376564e+00
   3.478181263351e+00
   3.503204150137e+00
   3.528227036924e+00
   3.553249923711e+00
   3.578272810497e+00
   3.603295697284e+00
   3.628318584071e+00
   3.653341470857e+00
   3.678364357644e+00
   3.703387244431e+00
   3.728410131218e+00
   3.753433018004e+00
   3.778455904791e+00
   3.803478791578e+00
   3.828501678364e+00
   3.853524565151e+00
   3.878547451938e+00
   3.903570338724e+00
   3.928593225511e+00
   3.953616112298e+00
   3.978638999085e+00
   4.003661885871e+00
   4.028684772658e+00
   4.053707659445e+00
   4.078730546231e+00
   4.103753433018e+00
   4.128776319805e+00
   4.153799206591e+00
   4.178822093378e+00
   4.203844980165e+00
   4.228867866951e+00
   4.253890753738e+00
   4.278913640525e+00
   4.303936527312e+00
   4.328959414098e+00
   4.353982300885e+00
   4.379005187672e+00
   4.404028074458e+00
   4.429050961245e+00
   4.454073848032e+00
   4.479096734818e+00
   4.504119621605e+00
   4.529142508392e+00
   4.554165395179e+00
   4.579188281965e+00
   4.604211168752e+00
   4.629234055539e+00
   4.654256942325e+00
   4.679279829112e+00
   4.704302715899e+00
   4.729325602685e+00
   4.754348489472e+00
   4.779371376259e+00
   4.804394263045e+00
   4.829417149832e+00
   4.854440036619e+00
   4.879462923406e+00
   4.904485810192e+00
   4.929508696979e+00
   4.954531583766e+00
   4.979554470552e+00
   5.004577357339e+00
   5.029600244126e+00
   5.054623130912e+00
   5.079646017699e+00
   5.104668904486e+00
   5.129691791273e+00
   5.154714678059e+00
   5.179737564846e+00
   5.204760451633e+00
   5.229783338419e+00
   5.254806225206e+00
   5.279829111993e+00
   5.304851998779e+00
   5.329874885566e+00
   5.354897772353e+00
   5.379920659139e+00
   5.404943545926e+00
   5.429966432713e+00
   5.454989319500e+00
   5.480012206286e+00
   5.505035093073e+00
   5.530057979860e+00
   5.555080866646e+00
   5.580103753433e+00
   5.605126640220e+00
   5.630149527006e+00
   5.655172413793e+00
