ARMA_MAT_TXT_FN008
275 1
   2.507836990596e-02
   5.015673981191e-02
   7.523510971787e-02
   1.003134796238e-01
   1.253918495298e-01
   1.504702194357e-01
   1.755485893417e-01
   2.006269592476e-01
   2.257053291536e-01
   2.507836990596e-01
   2.758620689655e-01
   3.009404388715e-01
   3.260188087774e-01
   3.510971786834e-01
   3.761755485893e-01
   4.012539184953e-01
   4.263322884013e-01
   4.514106583072e-01
   4.764890282132e-01
   5.015673981191e-01
   5.266457680251e-01
   5.517241379310e-01
   5.768025078370e-01
   6.018808777429e-01
   6.269592476489e-01
   6.520376175549e-01
   6.771159874608e-01
   7.021943573668e-01
   7.272727272727e-01
   7.523510971787e-01
   7.774294670846e-01
   8.025078369906e-01
   8.275862068966e-01
   8.526645768025e-01
   8.777429467085e-01
   9.028213166144e-01
   9.278996865204e-01
   9.529780564263e-01
   9.780564263323e-01
   1.003134796238e+00
   1.028213166144e+00
   1.053291536050e+00
   1.078369905956e+00
   1.103448275862e+00
   1.128526645768e+00
   1.153605015674e+00
   1.178683385580e+00
   1.203761755486e+00
   1.228840125392e+00
   1.253918495298e+00
   1.278996865204e+00
   1.304075235110e+00
   1.329153605016e+00
   1.354231974922e+00
   1.379310344828e+00
   1.404388714734e+00
   1.429467084639e+00
   1.454545454545e+00
   1.479623824451e+00
   1.504702194357e+00
   1.529780564263e+00
   1.554858934169e+00
   1.579937304075e+00
   1.605015673981e+00
   1.630094043887e+00
   1.655172413793e+00
   1.680250783699e+00
   1.705329153605e+00
   1.730407523511e+00
   1.755485893417e+00
   1.780564263323e+00
   1.805642633229e+00
   1.830721003135e+00
   1.855799373041e+00
   1.880877742947e+00
   1.905956112853e+00
   1.931034482759e+00
   1.956112852665e+00
   1.981191222571e+00
   2.006269592476e+00
   2.031347962382e+00
   2.056426332288e+00
   2.081504702194e+00
   2.106583072100e+00
   2.131661442006e+00
   2.156739811912e+00
   2.181818181818e+00
   2.206896551724e+00
   2.231974921630e+00
   2.257053291536e+00
   2.282131661442e+00
   2.307210031348e+00
   2.332288401254e+00
   2.357366771160e+00
   2.382445141066e+00
   2.407523510972e+00
   2.432601880878e+00
   2.457680250784e+00
   2.482758620690e+00
   2.507836990596e+00
   2.532915360502e+00
   2.557993730408e+00
   2.583072100313e+00
   2.608150470219e+00
   2.633228840125e+00
   2.658307210031e+00
   2.683385579937e+00
   2.708463949843e+00
   2.733542319749e+00
   2.758620689655e+00
   2.783699059561e+00
   2.808777429467e+00
   2.833855799373e+00
   2.858934169279e+00
   2.884012539185e+00
   2.909090909091e+00
   2.934169278997e+00
   2.959247648903e+00
   2.984326018809e+00
   3.009404388715e+00
   3.034482758621e+00
   3.059561128527e+00
   3.084639498433e+00
   3.109717868339e+00
   3.134796238245e+00
   3.159874608150e+00
   3.184952978056e+00
   3.210031347962e+00
   3.235109717868e+00
   3.260188087774e+00
   3.285266457680e+00
   3.310344827586e+00
   3.335423197492e+00
   3.360501567398e+00
   3.385579937304e+00
   3.410658307210e+00
   3.435736677116e+00
   3.460815047022e+00
   3.485893416928e+00
   3.510971786834e+00
   3.536050156740e+00
   3.561128526646e+00
   3.586206896552e+00
   3.611285266458e+00
   3.636363636364e+00
   3.661442006270e+00
   3.686520376176e+00
   3.711598746082e+00
   3.736677115987e+00
   3.761755485893e+00
   3.786833855799e+00
   3.811912225705e+00
   3.836990595611e+00
   3.862068965517e+00
   3.887147335423e+00
   3.912225705329e+00
   3.937304075235e+00
   3.962382445141e+00
   3.987460815047e+00
   4.012539184953e+00
   4.037617554859e+00
   4.062695924765e+00
   4.087774294671e+00
   4.112852664577e+00
   4.137931034483e+00
   4.163009404389e+00
   4.188087774295e+00
   4.213166144201e+00
   4.238244514107e+00
   4.263322884013e+00
   4.288401253918e+00
   4.313479623824e+00
   4.338557993730e+00
   4.363636363636e+00
   4.388714733542e+00
   4.413793103448e+00
   4.438871473354e+00
   4.463949843260e+00
   4.489028213166e+00
   4.514106583072e+00
   4.539184952978e+00
   4.564263322884e+00
   4.589341692790e+00
   4.614420062696e+00
   4.639498432602e+00
   4.664576802508e+00
   4.689655172414e+00
   4.714733542320e+00
   4.739811912226e+00
   4.764890282132e+00
   4.789968652038e+00
   4.815047021944e+00
   4.840125391850e+00
   4.865203761755e+00
   4.890282131661e+00
   4.915360501567e+00
   4.940438871473e+00
   4.965517241379e+00
   4.990595611285e+00
   5.015673981191e+00
   5.040752351097e+00
   5.065830721003e+00
   5.090909090909e+00
   5.115987460815e+00
   5.141065830721e+00
   5.166144200627e+00
   5.191222570533e+00
   5.216300940439e+00
   5.241379310345e+00
   5.266457680251e+00
   5.291536050157e+00
   5.316614420063e+00
   5.341692789969e+00
   5.366771159875e+00
   5.391849529781e+00
   5.416927899687e+00
   5.442006269592e+00
   5.467084639498e+00
   5.492163009404e+00
   5.517241379310e+00
   5.542319749216e+00
   5.567398119122e+00
   5.592476489028e+00
   5.617554858934e+00
   5.642633228840e+00
   5.667711598746e+00
   5.692789968652e+00
   5.717868338558e+00
   5.742946708464e+00
   5.768025078370e+00
   5.793103448276e+00
   5.818181818182e+00
   5.843260188088e+00
   5.868338557994e+00
   5.893416927900e+00
   5.918495297806e+00
   5.943573667712e+00
   5.968652037618e+00
   5.993730407524e+00
   6.018808777429e+00
   6.043887147335e+00
   6.068965517241e+00
   6.094043887147e+00
   6.119122257053e+00
   6.144200626959e+00
   6.169278996865e+00
   6.194357366771e+00
   6.219435736677e+00
   6.244514106583e+00
   6.269592476489e+00
   6.294670846395e+00
   6.319749216301e+00
   6.344827586207e+00
   6.369905956113e+00
   6.394984326019e+00
   6.420062695925e+00
   6.445141065831e+00
   6.470219435737e+00
   6.495297805643e+00
   6.520376175549e+00
   6.545454545455e+00
   6.570532915361e+00
   6.595611285266e+00
   6.620689655172e+00
   6.645768025078e+00
   6.670846394984e+00
   6.695924764890e+00
   6.721003134796e+00
   6.746081504702e+00
   6.771159874608e+00
   6.796238244514e+00
   6.821316614420e+00
   6.846394984326e+00
   6.871473354232e+00
   6.896551724138e+00
