ARMA_MAT_TXT_FN008
200 1
   3.200000000000e-02
   6.400000000000e-02
   9.600000000000e-02
   1.280000000000e-01
   1.600000000000e-01
   1.920000000000e-01
   2.240000000000e-01
   2.560000000000e-01
   2.880000000000e-01
   3.200000000000e-01
   3.520000000000e-01
   3.840000000000e-01
   4.160000000000e-01
   4.480000000000e-01
   4.800000000000e-01
   5.120000000000e-01
   5.440000000000e-01
   5.760000000000e-01
   6.080000000000e-01
   6.400000000000e-01
   6.720000000000e-01
   7.040000000000e-01
   7.360000000000e-01
   7.680000000000e-01
   8.000000000000e-01
   8.320000000000e-01
   8.640000000000e-01
   8.960000000000e-01
   9.280000000000e-01
   9.600000000000e-01
   9.920000000000e-01
   1.024000000000e+00
   1.056000000000e+00
   1.088000000000e+00
   1.120000000000e+00
   1.152000000000e+00
   1.184000000000e+00
   1.216000000000e+00
   1.248000000000e+00
   1.280000000000e+00
   1.312000000000e+00
   1.344000000000e+00
   1.376000000000e+00
   1.408000000000e+00
   1.440000000000e+00
   1.472000000000e+00
   1.504000000000e+00
   1.536000000000e+00
   1.568000000000e+00
   1.600000000000e+00
   1.632000000000e+00
   1.664000000000e+00
   1.696000000000e+00
   1.728000000000e+00
   1.760000000000e+00
   1.792000000000e+00
   1.824000000000e+00
   1.856000000000e+00
   1.888000000000e+00
   1.920000000000e+00
   1.952000000000e+00
   1.984000000000e+00
   2.016000000000e+00
   2.048000000000e+00
   2.080000000000e+00
   2.112000000000e+00
   2.144000000000e+00
   2.176000000000e+00
   2.208000000000e+00
   2.240000000000e+00
   2.272000000000e+00
   2.304000000000e+00
   2.336000000000e+00
   2.368000000000e+00
   2.400000000000e+00
   2.432000000000e+00
   2.464000000000e+00
   2.496000000000e+00
   2.528000000000e+00
   2.560000000000e+00
   2.592000000000e+00
   2.624000000000e+00
   2.656000000000e+00
   2.688000000000e+00
   2.720000000000e+00
   2.752000000000e+00
   2.784000000000e+00
   2.816000000000e+00
   2.848000000000e+00
   2.880000000000e+00
   2.912000000000e+00
   2.944000000000e+00
   2.976000000000e+00
   3.008000000000e+00
   3.040000000000e+00
   3.072000000000e+00
   3.104000000000e+00
   3.136000000000e+00
   3.168000000000e+00
   3.200000000000e+00
   3.232000000000e+00
   3.264000000000e+00
   3.296000000000e+00
   3.328000000000e+00
   3.360000000000e+00
   3.392000000000e+00
   3.424000000000e+00
   3.456000000000e+00
   3.488000000000e+00
   3.520000000000e+00
   3.552000000000e+00
   3.584000000000e+00
   3.616000000000e+00
   3.648000000000e+00
   3.680000000000e+00
   3.712000000000e+00
   3.744000000000e+00
   3.776000000000e+00
   3.808000000000e+00
   3.840000000000e+00
   3.872000000000e+00
   3.904000000000e+00
   3.936000000000e+00
   3.968000000000e+00
   4.000000000000e+00
   4.032000000000e+00
   4.064000000000e+00
   4.096000000000e+00
   4.128000000000e+00
   4.160000000000e+00
   4.192000000000e+00
   4.224000000000e+00
   4.256000000000e+00
   4.288000000000e+00
   4.320000000000e+00
   4.352000000000e+00
   4.384000000000e+00
   4.416000000000e+00
   4.448000000000e+00
   4.480000000000e+00
   4.512000000000e+00
   4.544000000000e+00
   4.576000000000e+00
   4.608000000000e+00
   4.640000000000e+00
   4.672000000000e+00
   4.704000000000e+00
   4.736000000000e+00
   4.768000000000e+00
   4.800000000000e+00
   4.832000000000e+00
   4.864000000000e+00
   4.896000000000e+00
   4.928000000000e+00
   4.960000000000e+00
   4.992000000000e+00
   5.024000000000e+00
   5.056000000000e+00
   5.088000000000e+00
   5.120000000000e+00
   5.152000000000e+00
   5.184000000000e+00
   5.216000000000e+00
   5.248000000000e+00
   5.280000000000e+00
   5.312000000000e+00
   5.344000000000e+00
   5.376000000000e+00
   5.408000000000e+00
   5.440000000000e+00
   5.472000000000e+00
   5.504000000000e+00
   5.536000000000e+00
   5.568000000000e+00
   5.600000000000e+00
   5.632000000000e+00
   5.664000000000e+00
   5.696000000000e+00
   5.728000000000e+00
   5.760000000000e+00
   5.792000000000e+00
   5.824000000000e+00
   5.856000000000e+00
   5.888000000000e+00
   5.920000000000e+00
   5.952000000000e+00
   5.984000000000e+00
   6.016000000000e+00
   6.048000000000e+00
   6.080000000000e+00
   6.112000000000e+00
   6.144000000000e+00
   6.176000000000e+00
   6.208000000000e+00
   6.240000000000e+00
   6.272000000000e+00
   6.304000000000e+00
   6.336000000000e+00
   6.368000000000e+00
   6.400000000000e+00
