ARMA_MAT_TXT_FN008
200 1
   4.689655172414e-02
   9.379310344828e-02
   1.406896551724e-01
   1.875862068966e-01
   2.344827586207e-01
   2.813793103448e-01
   3.282758620690e-01
   3.751724137931e-01
   4.220689655172e-01
   4.689655172414e-01
   5.158620689655e-01
   5.627586206897e-01
   6.096551724138e-01
   6.565517241379e-01
   7.034482758621e-01
   7.503448275862e-01
   7.972413793103e-01
   8.441379310345e-01
   8.910344827586e-01
   9.379310344828e-01
   9.848275862069e-01
   1.031724137931e+00
   1.078620689655e+00
   1.125517241379e+00
   1.172413793103e+00
   1.219310344828e+00
   1.266206896552e+00
   1.313103448276e+00
   1.360000000000e+00
   1.406896551724e+00
   1.453793103448e+00
   1.500689655172e+00
   1.547586206897e+00
   1.594482758621e+00
   1.641379310345e+00
   1.688275862069e+00
   1.735172413793e+00
   1.782068965517e+00
   1.828965517241e+00
   1.875862068966e+00
   1.922758620690e+00
   1.969655172414e+00
   2.016551724138e+00
   2.063448275862e+00
   2.110344827586e+00
   2.157241379310e+00
   2.204137931034e+00
   2.251034482759e+00
   2.297931034483e+00
   2.344827586207e+00
   2.391724137931e+00
   2.438620689655e+00
   2.485517241379e+00
   2.532413793103e+00
   2.579310344828e+00
   2.626206896552e+00
   2.673103448276e+00
   2.720000000000e+00
   2.766896551724e+00
   2.813793103448e+00
   2.860689655172e+00
   2.907586206897e+00
   2.954482758621e+00
   3.001379310345e+00
   3.048275862069e+00
   3.095172413793e+00
   3.142068965517e+00
   3.188965517241e+00
   3.235862068966e+00
   3.282758620690e+00
   3.329655172414e+00
   3.376551724138e+00
   3.423448275862e+00
   3.470344827586e+00
   3.517241379310e+00
   3.564137931034e+00
   3.611034482759e+00
   3.657931034483e+00
   3.704827586207e+00
   3.751724137931e+00
   3.798620689655e+00
   3.845517241379e+00
   3.892413793103e+00
   3.939310344828e+00
   3.986206896552e+00
   4.033103448276e+00
   4.080000000000e+00
   4.126896551724e+00
   4.173793103448e+00
   4.220689655172e+00
   4.267586206897e+00
   4.314482758621e+00
   4.361379310345e+00
   4.408275862069e+00
   4.455172413793e+00
   4.502068965517e+00
   4.548965517241e+00
   4.595862068966e+00
   4.642758620690e+00
   4.689655172414e+00
   4.736551724138e+00
   4.783448275862e+00
   4.830344827586e+00
   4.877241379310e+00
   4.924137931034e+00
   4.971034482759e+00
   5.017931034483e+00
   5.064827586207e+00
   5.111724137931e+00
   5.158620689655e+00
   5.205517241379e+00
   5.252413793103e+00
   5.299310344828e+00
   5.346206896552e+00
   5.393103448276e+00
   5.440000000000e+00
   5.486896551724e+00
   5.533793103448e+00
   5.580689655172e+00
   5.627586206897e+00
   5.674482758621e+00
   5.721379310345e+00
   5.768275862069e+00
   5.815172413793e+00
   5.862068965517e+00
   5.908965517241e+00
   5.955862068966e+00
   6.002758620690e+00
   6.049655172414e+00
   6.096551724138e+00
   6.143448275862e+00
   6.190344827586e+00
   6.237241379310e+00
   6.284137931034e+00
   6.331034482759e+00
   6.377931034483e+00
   6.424827586207e+00
   6.471724137931e+00
   6.518620689655e+00
   6.565517241379e+00
   6.612413793103e+00
   6.659310344828e+00
   6.706206896552e+00
   6.753103448276e+00
   6.800000000000e+00
   6.846896551724e+00
   6.893793103448e+00
   6.940689655172e+00
   6.987586206897e+00
   7.034482758621e+00
   7.081379310345e+00
   7.128275862069e+00
   7.175172413793e+00
   7.222068965517e+00
   7.268965517241e+00
   7.315862068966e+00
   7.362758620690e+00
   7.409655172414e+00
   7.456551724138e+00
   7.503448275862e+00
   7.550344827586e+00
   7.597241379310e+00
   7.644137931034e+00
   7.691034482759e+00
   7.737931034483e+00
   7.784827586207e+00
   7.831724137931e+00
   7.878620689655e+00
   7.925517241379e+00
   7.972413793103e+00
   8.019310344828e+00
   8.066206896552e+00
   8.113103448276e+00
   8.160000000000e+00
   8.206896551724e+00
   8.253793103448e+00
   8.300689655172e+00
   8.347586206897e+00
   8.394482758621e+00
   8.441379310345e+00
   8.488275862069e+00
   8.535172413793e+00
   8.582068965517e+00
   8.628965517241e+00
   8.675862068966e+00
   8.722758620690e+00
   8.769655172414e+00
   8.816551724138e+00
   8.863448275862e+00
   8.910344827586e+00
   8.957241379310e+00
   9.004137931034e+00
   9.051034482759e+00
   9.097931034483e+00
   9.144827586207e+00
   9.191724137931e+00
   9.238620689655e+00
   9.285517241379e+00
   9.332413793103e+00
   9.379310344828e+00
