ARMA_MAT_TXT_FN008
160 1
   2.758620689655e-02
   5.517241379310e-02
   8.275862068966e-02
   1.103448275862e-01
   1.379310344828e-01
   1.655172413793e-01
   1.931034482759e-01
   2.206896551724e-01
   2.482758620690e-01
   2.758620689655e-01
   3.034482758621e-01
   3.310344827586e-01
   3.586206896552e-01
   3.862068965517e-01
   4.137931034483e-01
   4.413793103448e-01
   4.689655172414e-01
   4.965517241379e-01
   5.241379310345e-01
   5.517241379310e-01
   5.793103448276e-01
   6.068965517241e-01
   6.344827586207e-01
   6.620689655172e-01
   6.896551724138e-01
   7.172413793103e-01
   7.448275862069e-01
   7.724137931034e-01
   8.000000000000e-01
   8.275862068966e-01
   8.551724137931e-01
   8.827586206897e-01
   9.103448275862e-01
   9.379310344828e-01
   9.655172413793e-01
   9.931034482759e-01
   1.020689655172e+00
   1.048275862069e+00
   1.075862068966e+00
   1.103448275862e+00
   1.131034482759e+00
   1.158620689655e+00
   1.186206896552e+00
   1.213793103448e+00
   1.241379310345e+00
   1.268965517241e+00
   1.296551724138e+00
   1.324137931034e+00
   1.351724137931e+00
   1.379310344828e+00
   1.406896551724e+00
   1.434482758621e+00
   1.462068965517e+00
   1.489655172414e+00
   1.517241379310e+00
   1.544827586207e+00
   1.572413793103e+00
   1.600000000000e+00
   1.627586206897e+00
   1.655172413793e+00
   1.682758620690e+00
   1.710344827586e+00
   1.737931034483e+00
   1.765517241379e+00
   1.793103448276e+00
   1.820689655172e+00
   1.848275862069e+00
   1.875862068966e+00
   1.903448275862e+00
   1.931034482759e+00
   1.958620689655e+00
   1.986206896552e+00
   2.013793103448e+00
   2.041379310345e+00
   2.068965517241e+00
   2.096551724138e+00
   2.124137931034e+00
   2.151724137931e+00
   2.179310344828e+00
   2.206896551724e+00
   2.234482758621e+00
   2.262068965517e+00
   2.289655172414e+00
   2.317241379310e+00
   2.344827586207e+00
   2.372413793103e+00
   2.400000000000e+00
   2.427586206897e+00
   2.455172413793e+00
   2.482758620690e+00
   2.510344827586e+00
   2.537931034483e+00
   2.565517241379e+00
   2.593103448276e+00
   2.620689655172e+00
   2.648275862069e+00
   2.675862068966e+00
   2.703448275862e+00
   2.731034482759e+00
   2.758620689655e+00
   2.786206896552e+00
   2.813793103448e+00
   2.841379310345e+00
   2.868965517241e+00
   2.896551724138e+00
   2.924137931034e+00
   2.951724137931e+00
   2.979310344828e+00
   3.006896551724e+00
   3.034482758621e+00
   3.062068965517e+00
   3.089655172414e+00
   3.117241379310e+00
   3.144827586207e+00
   3.172413793103e+00
   3.200000000000e+00
   3.227586206897e+00
   3.255172413793e+00
   3.282758620690e+00
   3.310344827586e+00
   3.337931034483e+00
   3.365517241379e+00
   3.393103448276e+00
   3.420689655172e+00
   3.448275862069e+00
   3.475862068966e+00
   3.503448275862e+00
   3.531034482759e+00
   3.558620689655e+00
   3.586206896552e+00
   3.613793103448e+00
   3.641379310345e+00
   3.668965517241e+00
   3.696551724138e+00
   3.724137931034e+00
   3.751724137931e+00
   3.779310344828e+00
   3.806896551724e+00
   3.834482758621e+00
   3.862068965517e+00
   3.889655172414e+00
   3.917241379310e+00
   3.944827586207e+00
   3.972413793103e+00
   4.000000000000e+00
   4.027586206897e+00
   4.055172413793e+00
   4.082758620690e+00
   4.110344827586e+00
   4.137931034483e+00
   4.165517241379e+00
   4.193103448276e+00
   4.220689655172e+00
   4.248275862069e+00
   4.275862068966e+00
   4.303448275862e+00
   4.331034482759e+00
   4.358620689655e+00
   4.386206896552e+00
   4.413793103448e+00
