ARMA_MAT_TXT_FN008
120 1
   4.166666666667e-02
   8.333333333333e-02
   1.250000000000e-01
   1.666666666667e-01
   2.083333333333e-01
   2.500000000000e-01
   2.916666666667e-01
   3.333333333333e-01
   3.750000000000e-01
   4.166666666667e-01
   4.583333333333e-01
   5.000000000000e-01
   5.416666666667e-01
   5.833333333333e-01
   6.250000000000e-01
   6.666666666667e-01
   7.083333333333e-01
   7.500000000000e-01
   7.916666666667e-01
   8.333333333333e-01
   8.750000000000e-01
   9.166666666667e-01
   9.583333333333e-01
   1.000000000000e+00
   1.041666666667e+00
   1.083333333333e+00
   1.125000000000e+00
   1.166666666667e+00
   1.208333333333e+00
   1.250000000000e+00
   1.291666666667e+00
   1.333333333333e+00
   1.375000000000e+00
   1.416666666667e+00
   1.458333333333e+00
   1.500000000000e+00
   1.541666666667e+00
   1.583333333333e+00
   1.625000000000e+00
   1.666666666667e+00
   1.708333333333e+00
   1.750000000000e+00
   1.791666666667e+00
   1.833333333333e+00
   1.875000000000e+00
   1.916666666667e+00
   1.958333333333e+00
   2.000000000000e+00
   2.041666666667e+00
   2.083333333333e+00
   2.125000000000e+00
   2.166666666667e+00
   2.208333333333e+00
   2.250000000000e+00
   2.291666666667e+00
   2.333333333333e+00
   2.375000000000e+00
   2.416666666667e+00
   2.458333333333e+00
   2.500000000000e+00
   2.541666666667e+00
   2.583333333333e+00
   2.625000000000e+00
   2.666666666667e+00
   2.708333333333e+00
   2.750000000000e+00
   2.791666666667e+00
   2.833333333333e+00
   2.875000000000e+00
   2.916666666667e+00
   2.958333333333e+00
   3.000000000000e+00
   3.041666666667e+00
   3.083333333333e+00
   3.125000000000e+00
   3.166666666667e+00
   3.208333333333e+00
   3.250000000000e+00
   3.291666666667e+00
   3.333333333333e+00
   3.375000000000e+00
   3.416666666667e+00
   3.458333333333e+00
   3.500000000000e+00
   3.541666666667e+00
   3.583333333333e+00
   3.625000000000e+00
   3.666666666667e+00
   3.708333333333e+00
   3.750000000000e+00
   3.791666666667e+00
   3.833333333333e+00
   3.875000000000e+00
   3.916666666667e+00
   3.958333333333e+00
   4.000000000000e+00
   4.041666666667e+00
   4.083333333333e+00
   4.125000000000e+00
   4.166666666667e+00
   4.208333333333e+00
   4.250000000000e+00
   4.291666666667e+00
   4.333333333333e+00
   4.375000000000e+00
   4.416666666667e+00
   4.458333333333e+00
   4.500000000000e+00
   4.541666666667e+00
   4.583333333333e+00
   4.625000000000e+00
   4.666666666667e+00
   4.708333333333e+00
   4.750000000000e+00
   4.791666666667e+00
   4.833333333333e+00
   4.875000000000e+00
   4.916666666667e+00
   4.958333333333e+00
   5.000000000000e+00
