ARMA_MAT_TXT_FN008
40 1
   4.827586206897e-02
   9.655172413793e-02
   1.448275862069e-01
   1.931034482759e-01
   2.413793103448e-01
   2.896551724138e-01
   3.379310344828e-01
   3.862068965517e-01
   4.344827586207e-01
   4.827586206897e-01
   5.310344827586e-01
   5.793103448276e-01
   6.275862068966e-01
   6.758620689655e-01
   7.241379310345e-01
   7.724137931034e-01
   8.206896551724e-01
   8.689655172414e-01
   9.172413793103e-01
   9.655172413793e-01
   1.013793103448e+00
   1.062068965517e+00
   1.110344827586e+00
   1.158620689655e+00
   1.206896551724e+00
   1.255172413793e+00
   1.303448275862e+00
   1.351724137931e+00
   1.400000000000e+00
   1.448275862069e+00
   1.496551724138e+00
   1.544827586207e+00
   1.593103448276e+00
   1.641379310345e+00
   1.689655172414e+00
   1.737931034483e+00
   1.786206896552e+00
   1.834482758621e+00
   1.882758620690e+00
   1.931034482759e+00
