ARMA_MAT_TXT_FN008
280 1
   2.684729064039e-02
   5.369458128079e-02
   8.054187192118e-02
   1.073891625616e-01
   1.342364532020e-01
   1.610837438424e-01
   1.879310344828e-01
   2.147783251232e-01
   2.416256157635e-01
   2.684729064039e-01
   2.953201970443e-01
   3.221674876847e-01
   3.490147783251e-01
   3.758620689655e-01
   4.027093596059e-01
   4.295566502463e-01
   4.564039408867e-01
   4.832512315271e-01
   5.100985221675e-01
   5.369458128079e-01
   5.637931034483e-01
   5.906403940887e-01
   6.174876847291e-01
   6.443349753695e-01
   6.711822660099e-01
   6.980295566502e-01
   7.248768472906e-01
   7.517241379310e-01
   7.785714285714e-01
   8.054187192118e-01
   8.322660098522e-01
   8.591133004926e-01
   8.859605911330e-01
   9.128078817734e-01
   9.396551724138e-01
   9.665024630542e-01
   9.933497536946e-01
   1.020197044335e+00
   1.047044334975e+00
   1.073891625616e+00
   1.100738916256e+00
   1.127586206897e+00
   1.154433497537e+00
   1.181280788177e+00
   1.208128078818e+00
   1.234975369458e+00
   1.261822660099e+00
   1.288669950739e+00
   1.315517241379e+00
   1.342364532020e+00
   1.369211822660e+00
   1.396059113300e+00
   1.422906403941e+00
   1.449753694581e+00
   1.476600985222e+00
   1.503448275862e+00
   1.530295566502e+00
   1.557142857143e+00
   1.583990147783e+00
   1.610837438424e+00
   1.637684729064e+00
   1.664532019704e+00
   1.691379310345e+00
   1.718226600985e+00
   1.745073891626e+00
   1.771921182266e+00
   1.798768472906e+00
   1.825615763547e+00
   1.852463054187e+00
   1.879310344828e+00
   1.906157635468e+00
   1.933004926108e+00
   1.959852216749e+00
   1.986699507389e+00
   2.013546798030e+00
   2.040394088670e+00
   2.067241379310e+00
   2.094088669951e+00
   2.120935960591e+00
   2.147783251232e+00
   2.174630541872e+00
   2.201477832512e+00
   2.228325123153e+00
   2.255172413793e+00
   2.282019704433e+00
   2.308866995074e+00
   2.335714285714e+00
   2.362561576355e+00
   2.389408866995e+00
   2.416256157635e+00
   2.443103448276e+00
   2.469950738916e+00
   2.496798029557e+00
   2.523645320197e+00
   2.550492610837e+00
   2.577339901478e+00
   2.604187192118e+00
   2.631034482759e+00
   2.657881773399e+00
   2.684729064039e+00
   2.711576354680e+00
   2.738423645320e+00
   2.765270935961e+00
   2.792118226601e+00
   2.818965517241e+00
   2.845812807882e+00
   2.872660098522e+00
   2.899507389163e+00
   2.926354679803e+00
   2.953201970443e+00
   2.980049261084e+00
   3.006896551724e+00
   3.033743842365e+00
   3.060591133005e+00
   3.087438423645e+00
   3.114285714286e+00
   3.141133004926e+00
   3.167980295567e+00
   3.194827586207e+00
   3.221674876847e+00
   3.248522167488e+00
   3.275369458128e+00
   3.302216748768e+00
   3.329064039409e+00
   3.355911330049e+00
   3.382758620690e+00
   3.409605911330e+00
   3.436453201970e+00
   3.463300492611e+00
   3.490147783251e+00
   3.516995073892e+00
   3.543842364532e+00
   3.570689655172e+00
   3.597536945813e+00
   3.624384236453e+00
   3.651231527094e+00
   3.678078817734e+00
   3.704926108374e+00
   3.731773399015e+00
   3.758620689655e+00
   3.785467980296e+00
   3.812315270936e+00
   3.839162561576e+00
   3.866009852217e+00
   3.892857142857e+00
   3.919704433498e+00
   3.946551724138e+00
   3.973399014778e+00
   4.000246305419e+00
   4.027093596059e+00
   4.053940886700e+00
   4.080788177340e+00
   4.107635467980e+00
   4.134482758621e+00
   4.161330049261e+00
   4.188177339901e+00
   4.215024630542e+00
   4.241871921182e+00
   4.268719211823e+00
   4.295566502463e+00
   4.322413793103e+00
   4.349261083744e+00
   4.376108374384e+00
   4.402955665025e+00
   4.429802955665e+00
   4.456650246305e+00
   4.483497536946e+00
   4.510344827586e+00
   4.537192118227e+00
   4.564039408867e+00
   4.590886699507e+00
   4.617733990148e+00
   4.644581280788e+00
   4.671428571429e+00
   4.698275862069e+00
   4.725123152709e+00
   4.751970443350e+00
   4.778817733990e+00
   4.805665024631e+00
   4.832512315271e+00
   4.859359605911e+00
   4.886206896552e+00
   4.913054187192e+00
   4.939901477833e+00
   4.966748768473e+00
   4.993596059113e+00
   5.020443349754e+00
   5.047290640394e+00
   5.074137931034e+00
   5.100985221675e+00
   5.127832512315e+00
   5.154679802956e+00
   5.181527093596e+00
   5.208374384236e+00
   5.235221674877e+00
   5.262068965517e+00
   5.288916256158e+00
   5.315763546798e+00
   5.342610837438e+00
   5.369458128079e+00
   5.396305418719e+00
   5.423152709360e+00
   5.450000000000e+00
   5.476847290640e+00
   5.503694581281e+00
   5.530541871921e+00
   5.557389162562e+00
   5.584236453202e+00
   5.611083743842e+00
   5.637931034483e+00
   5.664778325123e+00
   5.691625615764e+00
   5.718472906404e+00
   5.745320197044e+00
   5.772167487685e+00
   5.799014778325e+00
   5.825862068966e+00
   5.852709359606e+00
   5.879556650246e+00
   5.906403940887e+00
   5.933251231527e+00
   5.960098522167e+00
   5.986945812808e+00
   6.013793103448e+00
   6.040640394089e+00
   6.067487684729e+00
   6.094334975369e+00
   6.121182266010e+00
   6.148029556650e+00
   6.174876847291e+00
   6.201724137931e+00
   6.228571428571e+00
   6.255418719212e+00
   6.282266009852e+00
   6.309113300493e+00
   6.335960591133e+00
   6.362807881773e+00
   6.389655172414e+00
   6.416502463054e+00
   6.443349753695e+00
   6.470197044335e+00
   6.497044334975e+00
   6.523891625616e+00
   6.550738916256e+00
   6.577586206897e+00
   6.604433497537e+00
   6.631280788177e+00
   6.658128078818e+00
   6.684975369458e+00
   6.711822660099e+00
   6.738669950739e+00
   6.765517241379e+00
   6.792364532020e+00
   6.819211822660e+00
   6.846059113300e+00
   6.872906403941e+00
   6.899753694581e+00
   6.926600985222e+00
   6.953448275862e+00
   6.980295566502e+00
   7.007142857143e+00
   7.033990147783e+00
   7.060837438424e+00
   7.087684729064e+00
   7.114532019704e+00
   7.141379310345e+00
   7.168226600985e+00
   7.195073891626e+00
   7.221921182266e+00
   7.248768472906e+00
   7.275615763547e+00
   7.302463054187e+00
   7.329310344828e+00
   7.356157635468e+00
   7.383004926108e+00
   7.409852216749e+00
   7.436699507389e+00
   7.463546798030e+00
   7.490394088670e+00
   7.517241379310e+00
