ARMA_MAT_TXT_FN008
114 1
   2.510586811857e-02
   5.021173623714e-02
   7.531760435572e-02
   1.004234724743e-01
   1.255293405929e-01
   1.506352087114e-01
   1.757410768300e-01
   2.008469449486e-01
   2.259528130672e-01
   2.510586811857e-01
   2.761645493043e-01
   3.012704174229e-01
   3.263762855414e-01
   3.514821536600e-01
   3.765880217786e-01
   4.016938898972e-01
   4.267997580157e-01
   4.519056261343e-01
   4.770114942529e-01
   5.021173623714e-01
   5.272232304900e-01
   5.523290986086e-01
   5.774349667272e-01
   6.025408348457e-01
   6.276467029643e-01
   6.527525710829e-01
   6.778584392015e-01
   7.029643073200e-01
   7.280701754386e-01
   7.531760435572e-01
   7.782819116757e-01
   8.033877797943e-01
   8.284936479129e-01
   8.535995160315e-01
   8.787053841500e-01
   9.038112522686e-01
   9.289171203872e-01
   9.540229885057e-01
   9.791288566243e-01
   1.004234724743e+00
   1.029340592861e+00
   1.054446460980e+00
   1.079552329099e+00
   1.104658197217e+00
   1.129764065336e+00
   1.154869933454e+00
   1.179975801573e+00
   1.205081669691e+00
   1.230187537810e+00
   1.255293405929e+00
   1.280399274047e+00
   1.305505142166e+00
   1.330611010284e+00
   1.355716878403e+00
   1.380822746521e+00
   1.405928614640e+00
   1.431034482759e+00
   1.456140350877e+00
   1.481246218996e+00
   1.506352087114e+00
   1.531457955233e+00
   1.556563823351e+00
   1.581669691470e+00
   1.606775559589e+00
   1.631881427707e+00
   1.656987295826e+00
   1.682093163944e+00
   1.707199032063e+00
   1.732304900181e+00
   1.757410768300e+00
   1.782516636419e+00
   1.807622504537e+00
   1.832728372656e+00
   1.857834240774e+00
   1.882940108893e+00
   1.908045977011e+00
   1.933151845130e+00
   1.958257713249e+00
   1.983363581367e+00
   2.008469449486e+00
   2.033575317604e+00
   2.058681185723e+00
   2.083787053842e+00
   2.108892921960e+00
   2.133998790079e+00
   2.159104658197e+00
   2.184210526316e+00
   2.209316394434e+00
   2.234422262553e+00
   2.259528130672e+00
   2.284633998790e+00
   2.309739866909e+00
   2.334845735027e+00
   2.359951603146e+00
   2.385057471264e+00
   2.410163339383e+00
   2.435269207502e+00
   2.460375075620e+00
   2.485480943739e+00
   2.510586811857e+00
   2.535692679976e+00
   2.560798548094e+00
   2.585904416213e+00
   2.611010284332e+00
   2.636116152450e+00
   2.661222020569e+00
   2.686327888687e+00
   2.711433756806e+00
   2.736539624924e+00
   2.761645493043e+00
   2.786751361162e+00
   2.811857229280e+00
   2.836963097399e+00
   2.862068965517e+00
