ARMA_MAT_TXT_FN008
155 1
   3.225806451613e-02
   6.451612903226e-02
   9.677419354839e-02
   1.290322580645e-01
   1.612903225806e-01
   1.935483870968e-01
   2.258064516129e-01
   2.580645161290e-01
   2.903225806452e-01
   3.225806451613e-01
   3.548387096774e-01
   3.870967741935e-01
   4.193548387097e-01
   4.516129032258e-01
   4.838709677419e-01
   5.161290322581e-01
   5.483870967742e-01
   5.806451612903e-01
   6.129032258065e-01
   6.451612903226e-01
   6.774193548387e-01
   7.096774193548e-01
   7.419354838710e-01
   7.741935483871e-01
   8.064516129032e-01
   8.387096774194e-01
   8.709677419355e-01
   9.032258064516e-01
   9.354838709677e-01
   9.677419354839e-01
   1.000000000000e+00
   1.032258064516e+00
   1.064516129032e+00
   1.096774193548e+00
   1.129032258065e+00
   1.161290322581e+00
   1.193548387097e+00
   1.225806451613e+00
   1.258064516129e+00
   1.290322580645e+00
   1.322580645161e+00
   1.354838709677e+00
   1.387096774194e+00
   1.419354838710e+00
   1.451612903226e+00
   1.483870967742e+00
   1.516129032258e+00
   1.548387096774e+00
   1.580645161290e+00
   1.612903225806e+00
   1.645161290323e+00
   1.677419354839e+00
   1.709677419355e+00
   1.741935483871e+00
   1.774193548387e+00
   1.806451612903e+00
   1.838709677419e+00
   1.870967741935e+00
   1.903225806452e+00
   1.935483870968e+00
   1.967741935484e+00
   2.000000000000e+00
   2.032258064516e+00
   2.064516129032e+00
   2.096774193548e+00
   2.129032258065e+00
   2.161290322581e+00
   2.193548387097e+00
   2.225806451613e+00
   2.258064516129e+00
   2.290322580645e+00
   2.322580645161e+00
   2.354838709677e+00
   2.387096774194e+00
   2.419354838710e+00
   2.451612903226e+00
   2.483870967742e+00
   2.516129032258e+00
   2.548387096774e+00
   2.580645161290e+00
   2.612903225806e+00
   2.645161290323e+00
   2.677419354839e+00
   2.709677419355e+00
   2.741935483871e+00
   2.774193548387e+00
   2.806451612903e+00
   2.838709677419e+00
   2.870967741935e+00
   2.903225806452e+00
   2.935483870968e+00
   2.967741935484e+00
   3.000000000000e+00
   3.032258064516e+00
   3.064516129032e+00
   3.096774193548e+00
   3.129032258065e+00
   3.161290322581e+00
   3.193548387097e+00
   3.225806451613e+00
   3.258064516129e+00
   3.290322580645e+00
   3.322580645161e+00
   3.354838709677e+00
   3.387096774194e+00
   3.419354838710e+00
   3.451612903226e+00
   3.483870967742e+00
   3.516129032258e+00
   3.548387096774e+00
   3.580645161290e+00
   3.612903225806e+00
   3.645161290323e+00
   3.677419354839e+00
   3.709677419355e+00
   3.741935483871e+00
   3.774193548387e+00
   3.806451612903e+00
   3.838709677419e+00
   3.870967741935e+00
   3.903225806452e+00
   3.935483870968e+00
   3.967741935484e+00
   4.000000000000e+00
   4.032258064516e+00
   4.064516129032e+00
   4.096774193548e+00
   4.129032258065e+00
   4.161290322581e+00
   4.193548387097e+00
   4.225806451613e+00
   4.258064516129e+00
   4.290322580645e+00
   4.322580645161e+00
   4.354838709677e+00
   4.387096774194e+00
   4.419354838710e+00
   4.451612903226e+00
   4.483870967742e+00
   4.516129032258e+00
   4.548387096774e+00
   4.580645161290e+00
   4.612903225806e+00
   4.645161290323e+00
   4.677419354839e+00
   4.709677419355e+00
   4.741935483871e+00
   4.774193548387e+00
   4.806451612903e+00
   4.838709677419e+00
   4.870967741935e+00
   4.903225806452e+00
   4.935483870968e+00
   4.967741935484e+00
   5.000000000000e+00
