ARMA_MAT_TXT_FN008
362 1
   2.505239093161e-02
   5.010478186321e-02
   7.515717279482e-02
   1.002095637264e-01
   1.252619546580e-01
   1.503143455896e-01
   1.753667365212e-01
   2.004191274528e-01
   2.254715183845e-01
   2.505239093161e-01
   2.755763002477e-01
   3.006286911793e-01
   3.256810821109e-01
   3.507334730425e-01
   3.757858639741e-01
   4.008382549057e-01
   4.258906458373e-01
   4.509430367689e-01
   4.759954277005e-01
   5.010478186321e-01
   5.261002095637e-01
   5.511526004953e-01
   5.762049914269e-01
   6.012573823585e-01
   6.263097732902e-01
   6.513621642218e-01
   6.764145551534e-01
   7.014669460850e-01
   7.265193370166e-01
   7.515717279482e-01
   7.766241188798e-01
   8.016765098114e-01
   8.267289007430e-01
   8.517812916746e-01
   8.768336826062e-01
   9.018860735378e-01
   9.269384644694e-01
   9.519908554010e-01
   9.770432463326e-01
   1.002095637264e+00
   1.027148028196e+00
   1.052200419127e+00
   1.077252810059e+00
   1.102305200991e+00
   1.127357591922e+00
   1.152409982854e+00
   1.177462373785e+00
   1.202514764717e+00
   1.227567155649e+00
   1.252619546580e+00
   1.277671937512e+00
   1.302724328444e+00
   1.327776719375e+00
   1.352829110307e+00
   1.377881501238e+00
   1.402933892170e+00
   1.427986283102e+00
   1.453038674033e+00
   1.478091064965e+00
   1.503143455896e+00
   1.528195846828e+00
   1.553248237760e+00
   1.578300628691e+00
   1.603353019623e+00
   1.628405410554e+00
   1.653457801486e+00
   1.678510192418e+00
   1.703562583349e+00
   1.728614974281e+00
   1.753667365212e+00
   1.778719756144e+00
   1.803772147076e+00
   1.828824538007e+00
   1.853876928939e+00
   1.878929319870e+00
   1.903981710802e+00
   1.929034101734e+00
   1.954086492665e+00
   1.979138883597e+00
   2.004191274528e+00
   2.029243665460e+00
   2.054296056392e+00
   2.079348447323e+00
   2.104400838255e+00
   2.129453229187e+00
   2.154505620118e+00
   2.179558011050e+00
   2.204610401981e+00
   2.229662792913e+00
   2.254715183845e+00
   2.279767574776e+00
   2.304819965708e+00
   2.329872356639e+00
   2.354924747571e+00
   2.379977138503e+00
   2.405029529434e+00
   2.430081920366e+00
   2.455134311297e+00
   2.480186702229e+00
   2.505239093161e+00
   2.530291484092e+00
   2.555343875024e+00
   2.580396265955e+00
   2.605448656887e+00
   2.630501047819e+00
   2.655553438750e+00
   2.680605829682e+00
   2.705658220613e+00
   2.730710611545e+00
   2.755763002477e+00
   2.780815393408e+00
   2.805867784340e+00
   2.830920175271e+00
   2.855972566203e+00
   2.881024957135e+00
   2.906077348066e+00
   2.931129738998e+00
   2.956182129930e+00
   2.981234520861e+00
   3.006286911793e+00
   3.031339302724e+00
   3.056391693656e+00
   3.081444084588e+00
   3.106496475519e+00
   3.131548866451e+00
   3.156601257382e+00
   3.181653648314e+00
   3.206706039246e+00
   3.231758430177e+00
   3.256810821109e+00
   3.281863212040e+00
   3.306915602972e+00
   3.331967993904e+00
   3.357020384835e+00
   3.382072775767e+00
   3.407125166698e+00
   3.432177557630e+00
   3.457229948562e+00
   3.482282339493e+00
   3.507334730425e+00
   3.532387121356e+00
   3.557439512288e+00
   3.582491903220e+00
   3.607544294151e+00
   3.632596685083e+00
   3.657649076014e+00
   3.682701466946e+00
   3.707753857878e+00
   3.732806248809e+00
   3.757858639741e+00
   3.782911030673e+00
   3.807963421604e+00
   3.833015812536e+00
   3.858068203467e+00
   3.883120594399e+00
   3.908172985331e+00
   3.933225376262e+00
   3.958277767194e+00
   3.983330158125e+00
   4.008382549057e+00
   4.033434939989e+00
   4.058487330920e+00
   4.083539721852e+00
   4.108592112783e+00
   4.133644503715e+00
   4.158696894647e+00
   4.183749285578e+00
   4.208801676510e+00
   4.233854067441e+00
   4.258906458373e+00
   4.283958849305e+00
   4.309011240236e+00
   4.334063631168e+00
   4.359116022099e+00
   4.384168413031e+00
   4.409220803963e+00
   4.434273194894e+00
   4.459325585826e+00
   4.484377976757e+00
   4.509430367689e+00
   4.534482758621e+00
   4.559535149552e+00
   4.584587540484e+00
   4.609639931416e+00
   4.634692322347e+00
   4.659744713279e+00
   4.684797104210e+00
   4.709849495142e+00
   4.734901886074e+00
   4.759954277005e+00
   4.785006667937e+00
   4.810059058868e+00
   4.835111449800e+00
   4.860163840732e+00
   4.885216231663e+00
   4.910268622595e+00
   4.935321013526e+00
   4.960373404458e+00
   4.985425795390e+00
   5.010478186321e+00
   5.035530577253e+00
   5.060582968184e+00
   5.085635359116e+00
   5.110687750048e+00
   5.135740140979e+00
   5.160792531911e+00
   5.185844922842e+00
   5.210897313774e+00
   5.235949704706e+00
   5.261002095637e+00
   5.286054486569e+00
   5.311106877500e+00
   5.336159268432e+00
   5.361211659364e+00
   5.386264050295e+00
   5.411316441227e+00
   5.436368832159e+00
   5.461421223090e+00
   5.486473614022e+00
   5.511526004953e+00
   5.536578395885e+00
   5.561630786817e+00
   5.586683177748e+00
   5.611735568680e+00
   5.636787959611e+00
   5.661840350543e+00
   5.686892741475e+00
   5.711945132406e+00
   5.736997523338e+00
   5.762049914269e+00
   5.787102305201e+00
   5.812154696133e+00
   5.837207087064e+00
   5.862259477996e+00
   5.887311868927e+00
   5.912364259859e+00
   5.937416650791e+00
   5.962469041722e+00
   5.987521432654e+00
   6.012573823585e+00
   6.037626214517e+00
   6.062678605449e+00
   6.087730996380e+00
   6.112783387312e+00
   6.137835778243e+00
   6.162888169175e+00
   6.187940560107e+00
   6.212992951038e+00
   6.238045341970e+00
   6.263097732902e+00
   6.288150123833e+00
   6.313202514765e+00
   6.338254905696e+00
   6.363307296628e+00
   6.388359687560e+00
   6.413412078491e+00
   6.438464469423e+00
   6.463516860354e+00
   6.488569251286e+00
   6.513621642218e+00
   6.538674033149e+00
   6.563726424081e+00
   6.588778815012e+00
   6.613831205944e+00
   6.638883596876e+00
   6.663935987807e+00
   6.688988378739e+00
   6.714040769670e+00
   6.739093160602e+00
   6.764145551534e+00
   6.789197942465e+00
   6.814250333397e+00
   6.839302724328e+00
   6.864355115260e+00
   6.889407506192e+00
   6.914459897123e+00
   6.939512288055e+00
   6.964564678986e+00
   6.989617069918e+00
   7.014669460850e+00
   7.039721851781e+00
   7.064774242713e+00
   7.089826633645e+00
   7.114879024576e+00
   7.139931415508e+00
   7.164983806439e+00
   7.190036197371e+00
   7.215088588303e+00
   7.240140979234e+00
   7.265193370166e+00
   7.290245761097e+00
   7.315298152029e+00
   7.340350542961e+00
   7.365402933892e+00
   7.390455324824e+00
   7.415507715755e+00
   7.440560106687e+00
   7.465612497619e+00
   7.490664888550e+00
   7.515717279482e+00
   7.540769670413e+00
   7.565822061345e+00
   7.590874452277e+00
   7.615926843208e+00
   7.640979234140e+00
   7.666031625071e+00
   7.691084016003e+00
   7.716136406935e+00
   7.741188797866e+00
   7.766241188798e+00
   7.791293579729e+00
   7.816345970661e+00
   7.841398361593e+00
   7.866450752524e+00
   7.891503143456e+00
   7.916555534388e+00
   7.941607925319e+00
   7.966660316251e+00
   7.991712707182e+00
   8.016765098114e+00
   8.041817489046e+00
   8.066869879977e+00
   8.091922270909e+00
   8.116974661840e+00
   8.142027052772e+00
   8.167079443704e+00
   8.192131834635e+00
   8.217184225567e+00
   8.242236616498e+00
   8.267289007430e+00
   8.292341398362e+00
   8.317393789293e+00
   8.342446180225e+00
   8.367498571156e+00
   8.392550962088e+00
   8.417603353020e+00
   8.442655743951e+00
   8.467708134883e+00
   8.492760525814e+00
   8.517812916746e+00
   8.542865307678e+00
   8.567917698609e+00
   8.592970089541e+00
   8.618022480472e+00
   8.643074871404e+00
   8.668127262336e+00
   8.693179653267e+00
   8.718232044199e+00
   8.743284435130e+00
   8.768336826062e+00
   8.793389216994e+00
   8.818441607925e+00
   8.843493998857e+00
   8.868546389789e+00
   8.893598780720e+00
   8.918651171652e+00
   8.943703562583e+00
   8.968755953515e+00
   8.993808344447e+00
   9.018860735378e+00
   9.043913126310e+00
   9.068965517241e+00
