ARMA_MAT_TXT_FN008
151 1
   2.511989038593e-02
   5.023978077187e-02
   7.535967115780e-02
   1.004795615437e-01
   1.255994519297e-01
   1.507193423156e-01
   1.758392327015e-01
   2.009591230875e-01
   2.260790134734e-01
   2.511989038593e-01
   2.763187942453e-01
   3.014386846312e-01
   3.265585750171e-01
   3.516784654031e-01
   3.767983557890e-01
   4.019182461749e-01
   4.270381365609e-01
   4.521580269468e-01
   4.772779173327e-01
   5.023978077187e-01
   5.275176981046e-01
   5.526375884905e-01
   5.777574788765e-01
   6.028773692624e-01
   6.279972596483e-01
   6.531171500343e-01
   6.782370404202e-01
   7.033569308061e-01
   7.284768211921e-01
   7.535967115780e-01
   7.787166019639e-01
   8.038364923499e-01
   8.289563827358e-01
   8.540762731217e-01
   8.791961635077e-01
   9.043160538936e-01
   9.294359442795e-01
   9.545558346654e-01
   9.796757250514e-01
   1.004795615437e+00
   1.029915505823e+00
   1.055035396209e+00
   1.080155286595e+00
   1.105275176981e+00
   1.130395067367e+00
   1.155514957753e+00
   1.180634848139e+00
   1.205754738525e+00
   1.230874628911e+00
   1.255994519297e+00
   1.281114409683e+00
   1.306234300069e+00
   1.331354190454e+00
   1.356474080840e+00
   1.381593971226e+00
   1.406713861612e+00
   1.431833751998e+00
   1.456953642384e+00
   1.482073532770e+00
   1.507193423156e+00
   1.532313313542e+00
   1.557433203928e+00
   1.582553094314e+00
   1.607672984700e+00
   1.632792875086e+00
   1.657912765472e+00
   1.683032655858e+00
   1.708152546243e+00
   1.733272436629e+00
   1.758392327015e+00
   1.783512217401e+00
   1.808632107787e+00
   1.833751998173e+00
   1.858871888559e+00
   1.883991778945e+00
   1.909111669331e+00
   1.934231559717e+00
   1.959351450103e+00
   1.984471340489e+00
   2.009591230875e+00
   2.034711121261e+00
   2.059831011646e+00
   2.084950902032e+00
   2.110070792418e+00
   2.135190682804e+00
   2.160310573190e+00
   2.185430463576e+00
   2.210550353962e+00
   2.235670244348e+00
   2.260790134734e+00
   2.285910025120e+00
   2.311029915506e+00
   2.336149805892e+00
   2.361269696278e+00
   2.386389586664e+00
   2.411509477050e+00
   2.436629367435e+00
   2.461749257821e+00
   2.486869148207e+00
   2.511989038593e+00
   2.537108928979e+00
   2.562228819365e+00
   2.587348709751e+00
   2.612468600137e+00
   2.637588490523e+00
   2.662708380909e+00
   2.687828271295e+00
   2.712948161681e+00
   2.738068052067e+00
   2.763187942453e+00
   2.788307832839e+00
   2.813427723224e+00
   2.838547613610e+00
   2.863667503996e+00
   2.888787394382e+00
   2.913907284768e+00
   2.939027175154e+00
   2.964147065540e+00
   2.989266955926e+00
   3.014386846312e+00
   3.039506736698e+00
   3.064626627084e+00
   3.089746517470e+00
   3.114866407856e+00
   3.139986298242e+00
   3.165106188628e+00
   3.190226079013e+00
   3.215345969399e+00
   3.240465859785e+00
   3.265585750171e+00
   3.290705640557e+00
   3.315825530943e+00
   3.340945421329e+00
   3.366065311715e+00
   3.391185202101e+00
   3.416305092487e+00
   3.441424982873e+00
   3.466544873259e+00
   3.491664763645e+00
   3.516784654031e+00
   3.541904544417e+00
   3.567024434802e+00
   3.592144325188e+00
   3.617264215574e+00
   3.642384105960e+00
   3.667503996346e+00
   3.692623886732e+00
   3.717743777118e+00
   3.742863667504e+00
   3.767983557890e+00
   3.793103448276e+00
