ARMA_MAT_TXT_FN008
85 1
   5.882352941176e-02
   1.176470588235e-01
   1.764705882353e-01
   2.352941176471e-01
   2.941176470588e-01
   3.529411764706e-01
   4.117647058824e-01
   4.705882352941e-01
   5.294117647059e-01
   5.882352941176e-01
   6.470588235294e-01
   7.058823529412e-01
   7.647058823529e-01
   8.235294117647e-01
   8.823529411765e-01
   9.411764705882e-01
   1.000000000000e+00
   1.058823529412e+00
   1.117647058824e+00
   1.176470588235e+00
   1.235294117647e+00
   1.294117647059e+00
   1.352941176471e+00
   1.411764705882e+00
   1.470588235294e+00
   1.529411764706e+00
   1.588235294118e+00
   1.647058823529e+00
   1.705882352941e+00
   1.764705882353e+00
   1.823529411765e+00
   1.882352941176e+00
   1.941176470588e+00
   2.000000000000e+00
   2.058823529412e+00
   2.117647058824e+00
   2.176470588235e+00
   2.235294117647e+00
   2.294117647059e+00
   2.352941176471e+00
   2.411764705882e+00
   2.470588235294e+00
   2.529411764706e+00
   2.588235294118e+00
   2.647058823529e+00
   2.705882352941e+00
   2.764705882353e+00
   2.823529411765e+00
   2.882352941176e+00
   2.941176470588e+00
   3.000000000000e+00
   3.058823529412e+00
   3.117647058824e+00
   3.176470588235e+00
   3.235294117647e+00
   3.294117647059e+00
   3.352941176471e+00
   3.411764705882e+00
   3.470588235294e+00
   3.529411764706e+00
   3.588235294118e+00
   3.647058823529e+00
   3.705882352941e+00
   3.764705882353e+00
   3.823529411765e+00
   3.882352941176e+00
   3.941176470588e+00
   4.000000000000e+00
   4.058823529412e+00
   4.117647058824e+00
   4.176470588235e+00
   4.235294117647e+00
   4.294117647059e+00
   4.352941176471e+00
   4.411764705882e+00
   4.470588235294e+00
   4.529411764706e+00
   4.588235294118e+00
   4.647058823529e+00
   4.705882352941e+00
   4.764705882353e+00
   4.823529411765e+00
   4.882352941176e+00
   4.941176470588e+00
   5.000000000000e+00
