ARMA_MAT_TXT_FN008
350 1
   2.502463054187e-02
   5.004926108374e-02
   7.507389162562e-02
   1.000985221675e-01
   1.251231527094e-01
   1.501477832512e-01
   1.751724137931e-01
   2.001970443350e-01
   2.252216748768e-01
   2.502463054187e-01
   2.752709359606e-01
   3.002955665025e-01
   3.253201970443e-01
   3.503448275862e-01
   3.753694581281e-01
   4.003940886700e-01
   4.254187192118e-01
   4.504433497537e-01
   4.754679802956e-01
   5.004926108374e-01
   5.255172413793e-01
   5.505418719212e-01
   5.755665024631e-01
   6.005911330049e-01
   6.256157635468e-01
   6.506403940887e-01
   6.756650246305e-01
   7.006896551724e-01
   7.257142857143e-01
   7.507389162562e-01
   7.757635467980e-01
   8.007881773399e-01
   8.258128078818e-01
   8.508374384236e-01
   8.758620689655e-01
   9.008866995074e-01
   9.259113300493e-01
   9.509359605911e-01
   9.759605911330e-01
   1.000985221675e+00
   1.026009852217e+00
   1.051034482759e+00
   1.076059113300e+00
   1.101083743842e+00
   1.126108374384e+00
   1.151133004926e+00
   1.176157635468e+00
   1.201182266010e+00
   1.226206896552e+00
   1.251231527094e+00
   1.276256157635e+00
   1.301280788177e+00
   1.326305418719e+00
   1.351330049261e+00
   1.376354679803e+00
   1.401379310345e+00
   1.426403940887e+00
   1.451428571429e+00
   1.476453201970e+00
   1.501477832512e+00
   1.526502463054e+00
   1.551527093596e+00
   1.576551724138e+00
   1.601576354680e+00
   1.626600985222e+00
   1.651625615764e+00
   1.676650246305e+00
   1.701674876847e+00
   1.726699507389e+00
   1.751724137931e+00
   1.776748768473e+00
   1.801773399015e+00
   1.826798029557e+00
   1.851822660099e+00
   1.876847290640e+00
   1.901871921182e+00
   1.926896551724e+00
   1.951921182266e+00
   1.976945812808e+00
   2.001970443350e+00
   2.026995073892e+00
   2.052019704433e+00
   2.077044334975e+00
   2.102068965517e+00
   2.127093596059e+00
   2.152118226601e+00
   2.177142857143e+00
   2.202167487685e+00
   2.227192118227e+00
   2.252216748768e+00
   2.277241379310e+00
   2.302266009852e+00
   2.327290640394e+00
   2.352315270936e+00
   2.377339901478e+00
   2.402364532020e+00
   2.427389162562e+00
   2.452413793103e+00
   2.477438423645e+00
   2.502463054187e+00
   2.527487684729e+00
   2.552512315271e+00
   2.577536945813e+00
   2.602561576355e+00
   2.627586206897e+00
   2.652610837438e+00
   2.677635467980e+00
   2.702660098522e+00
   2.727684729064e+00
   2.752709359606e+00
   2.777733990148e+00
   2.802758620690e+00
   2.827783251232e+00
   2.852807881773e+00
   2.877832512315e+00
   2.902857142857e+00
   2.927881773399e+00
   2.952906403941e+00
   2.977931034483e+00
   3.002955665025e+00
   3.027980295567e+00
   3.053004926108e+00
   3.078029556650e+00
   3.103054187192e+00
   3.128078817734e+00
   3.153103448276e+00
   3.178128078818e+00
   3.203152709360e+00
   3.228177339901e+00
   3.253201970443e+00
   3.278226600985e+00
   3.303251231527e+00
   3.328275862069e+00
   3.353300492611e+00
   3.378325123153e+00
   3.403349753695e+00
   3.428374384236e+00
   3.453399014778e+00
   3.478423645320e+00
   3.503448275862e+00
   3.528472906404e+00
   3.553497536946e+00
   3.578522167488e+00
   3.603546798030e+00
   3.628571428571e+00
   3.653596059113e+00
   3.678620689655e+00
   3.703645320197e+00
   3.728669950739e+00
   3.753694581281e+00
   3.778719211823e+00
   3.803743842365e+00
   3.828768472906e+00
   3.853793103448e+00
   3.878817733990e+00
   3.903842364532e+00
   3.928866995074e+00
   3.953891625616e+00
   3.978916256158e+00
   4.003940886700e+00
   4.028965517241e+00
   4.053990147783e+00
   4.079014778325e+00
   4.104039408867e+00
   4.129064039409e+00
   4.154088669951e+00
   4.179113300493e+00
   4.204137931034e+00
   4.229162561576e+00
   4.254187192118e+00
   4.279211822660e+00
   4.304236453202e+00
   4.329261083744e+00
   4.354285714286e+00
   4.379310344828e+00
   4.404334975369e+00
   4.429359605911e+00
   4.454384236453e+00
   4.479408866995e+00
   4.504433497537e+00
   4.529458128079e+00
   4.554482758621e+00
   4.579507389163e+00
   4.604532019704e+00
   4.629556650246e+00
   4.654581280788e+00
   4.679605911330e+00
   4.704630541872e+00
   4.729655172414e+00
   4.754679802956e+00
   4.779704433498e+00
   4.804729064039e+00
   4.829753694581e+00
   4.854778325123e+00
   4.879802955665e+00
   4.904827586207e+00
   4.929852216749e+00
   4.954876847291e+00
   4.979901477833e+00
   5.004926108374e+00
   5.029950738916e+00
   5.054975369458e+00
   5.080000000000e+00
   5.105024630542e+00
   5.130049261084e+00
   5.155073891626e+00
   5.180098522167e+00
   5.205123152709e+00
   5.230147783251e+00
   5.255172413793e+00
   5.280197044335e+00
   5.305221674877e+00
   5.330246305419e+00
   5.355270935961e+00
   5.380295566502e+00
   5.405320197044e+00
   5.430344827586e+00
   5.455369458128e+00
   5.480394088670e+00
   5.505418719212e+00
   5.530443349754e+00
   5.555467980296e+00
   5.580492610837e+00
   5.605517241379e+00
   5.630541871921e+00
   5.655566502463e+00
   5.680591133005e+00
   5.705615763547e+00
   5.730640394089e+00
   5.755665024631e+00
   5.780689655172e+00
   5.805714285714e+00
   5.830738916256e+00
   5.855763546798e+00
   5.880788177340e+00
   5.905812807882e+00
   5.930837438424e+00
   5.955862068966e+00
   5.980886699507e+00
   6.005911330049e+00
   6.030935960591e+00
   6.055960591133e+00
   6.080985221675e+00
   6.106009852217e+00
   6.131034482759e+00
   6.156059113300e+00
   6.181083743842e+00
   6.206108374384e+00
   6.231133004926e+00
   6.256157635468e+00
   6.281182266010e+00
   6.306206896552e+00
   6.331231527094e+00
   6.356256157635e+00
   6.381280788177e+00
   6.406305418719e+00
   6.431330049261e+00
   6.456354679803e+00
   6.481379310345e+00
   6.506403940887e+00
   6.531428571429e+00
   6.556453201970e+00
   6.581477832512e+00
   6.606502463054e+00
   6.631527093596e+00
   6.656551724138e+00
   6.681576354680e+00
   6.706600985222e+00
   6.731625615764e+00
   6.756650246305e+00
   6.781674876847e+00
   6.806699507389e+00
   6.831724137931e+00
   6.856748768473e+00
   6.881773399015e+00
   6.906798029557e+00
   6.931822660099e+00
   6.956847290640e+00
   6.981871921182e+00
   7.006896551724e+00
   7.031921182266e+00
   7.056945812808e+00
   7.081970443350e+00
   7.106995073892e+00
   7.132019704433e+00
   7.157044334975e+00
   7.182068965517e+00
   7.207093596059e+00
   7.232118226601e+00
   7.257142857143e+00
   7.282167487685e+00
   7.307192118227e+00
   7.332216748768e+00
   7.357241379310e+00
   7.382266009852e+00
   7.407290640394e+00
   7.432315270936e+00
   7.457339901478e+00
   7.482364532020e+00
   7.507389162562e+00
   7.532413793103e+00
   7.557438423645e+00
   7.582463054187e+00
   7.607487684729e+00
   7.632512315271e+00
   7.657536945813e+00
   7.682561576355e+00
   7.707586206897e+00
   7.732610837438e+00
   7.757635467980e+00
   7.782660098522e+00
   7.807684729064e+00
   7.832709359606e+00
   7.857733990148e+00
   7.882758620690e+00
   7.907783251232e+00
   7.932807881773e+00
   7.957832512315e+00
   7.982857142857e+00
   8.007881773399e+00
   8.032906403941e+00
   8.057931034483e+00
   8.082955665025e+00
   8.107980295567e+00
   8.133004926108e+00
   8.158029556650e+00
   8.183054187192e+00
   8.208078817734e+00
   8.233103448276e+00
   8.258128078818e+00
   8.283152709360e+00
   8.308177339901e+00
   8.333201970443e+00
   8.358226600985e+00
   8.383251231527e+00
   8.408275862069e+00
   8.433300492611e+00
   8.458325123153e+00
   8.483349753695e+00
   8.508374384236e+00
   8.533399014778e+00
   8.558423645320e+00
   8.583448275862e+00
   8.608472906404e+00
   8.633497536946e+00
   8.658522167488e+00
   8.683546798030e+00
   8.708571428571e+00
   8.733596059113e+00
   8.758620689655e+00
