ARMA_MAT_TXT_FN008
200 1
   4.100000000000e-02
   8.200000000000e-02
   1.230000000000e-01
   1.640000000000e-01
   2.050000000000e-01
   2.460000000000e-01
   2.870000000000e-01
   3.280000000000e-01
   3.690000000000e-01
   4.100000000000e-01
   4.510000000000e-01
   4.920000000000e-01
   5.330000000000e-01
   5.740000000000e-01
   6.150000000000e-01
   6.560000000000e-01
   6.970000000000e-01
   7.380000000000e-01
   7.790000000000e-01
   8.200000000000e-01
   8.610000000000e-01
   9.020000000000e-01
   9.430000000000e-01
   9.840000000000e-01
   1.025000000000e+00
   1.066000000000e+00
   1.107000000000e+00
   1.148000000000e+00
   1.189000000000e+00
   1.230000000000e+00
   1.271000000000e+00
   1.312000000000e+00
   1.353000000000e+00
   1.394000000000e+00
   1.435000000000e+00
   1.476000000000e+00
   1.517000000000e+00
   1.558000000000e+00
   1.599000000000e+00
   1.640000000000e+00
   1.681000000000e+00
   1.722000000000e+00
   1.763000000000e+00
   1.804000000000e+00
   1.845000000000e+00
   1.886000000000e+00
   1.927000000000e+00
   1.968000000000e+00
   2.009000000000e+00
   2.050000000000e+00
   2.091000000000e+00
   2.132000000000e+00
   2.173000000000e+00
   2.214000000000e+00
   2.255000000000e+00
   2.296000000000e+00
   2.337000000000e+00
   2.378000000000e+00
   2.419000000000e+00
   2.460000000000e+00
   2.501000000000e+00
   2.542000000000e+00
   2.583000000000e+00
   2.624000000000e+00
   2.665000000000e+00
   2.706000000000e+00
   2.747000000000e+00
   2.788000000000e+00
   2.829000000000e+00
   2.870000000000e+00
   2.911000000000e+00
   2.952000000000e+00
   2.993000000000e+00
   3.034000000000e+00
   3.075000000000e+00
   3.116000000000e+00
   3.157000000000e+00
   3.198000000000e+00
   3.239000000000e+00
   3.280000000000e+00
   3.321000000000e+00
   3.362000000000e+00
   3.403000000000e+00
   3.444000000000e+00
   3.485000000000e+00
   3.526000000000e+00
   3.567000000000e+00
   3.608000000000e+00
   3.649000000000e+00
   3.690000000000e+00
   3.731000000000e+00
   3.772000000000e+00
   3.813000000000e+00
   3.854000000000e+00
   3.895000000000e+00
   3.936000000000e+00
   3.977000000000e+00
   4.018000000000e+00
   4.059000000000e+00
   4.100000000000e+00
   4.141000000000e+00
   4.182000000000e+00
   4.223000000000e+00
   4.264000000000e+00
   4.305000000000e+00
   4.346000000000e+00
   4.387000000000e+00
   4.428000000000e+00
   4.469000000000e+00
   4.510000000000e+00
   4.551000000000e+00
   4.592000000000e+00
   4.633000000000e+00
   4.674000000000e+00
   4.715000000000e+00
   4.756000000000e+00
   4.797000000000e+00
   4.838000000000e+00
   4.879000000000e+00
   4.920000000000e+00
   4.961000000000e+00
   5.002000000000e+00
   5.043000000000e+00
   5.084000000000e+00
   5.125000000000e+00
   5.166000000000e+00
   5.207000000000e+00
   5.248000000000e+00
   5.289000000000e+00
   5.330000000000e+00
   5.371000000000e+00
   5.412000000000e+00
   5.453000000000e+00
   5.494000000000e+00
   5.535000000000e+00
   5.576000000000e+00
   5.617000000000e+00
   5.658000000000e+00
   5.699000000000e+00
   5.740000000000e+00
   5.781000000000e+00
   5.822000000000e+00
   5.863000000000e+00
   5.904000000000e+00
   5.945000000000e+00
   5.986000000000e+00
   6.027000000000e+00
   6.068000000000e+00
   6.109000000000e+00
   6.150000000000e+00
   6.191000000000e+00
   6.232000000000e+00
   6.273000000000e+00
   6.314000000000e+00
   6.355000000000e+00
   6.396000000000e+00
   6.437000000000e+00
   6.478000000000e+00
   6.519000000000e+00
   6.560000000000e+00
   6.601000000000e+00
   6.642000000000e+00
   6.683000000000e+00
   6.724000000000e+00
   6.765000000000e+00
   6.806000000000e+00
   6.847000000000e+00
   6.888000000000e+00
   6.929000000000e+00
   6.970000000000e+00
   7.011000000000e+00
   7.052000000000e+00
   7.093000000000e+00
   7.134000000000e+00
   7.175000000000e+00
   7.216000000000e+00
   7.257000000000e+00
   7.298000000000e+00
   7.339000000000e+00
   7.380000000000e+00
   7.421000000000e+00
   7.462000000000e+00
   7.503000000000e+00
   7.544000000000e+00
   7.585000000000e+00
   7.626000000000e+00
   7.667000000000e+00
   7.708000000000e+00
   7.749000000000e+00
   7.790000000000e+00
   7.831000000000e+00
   7.872000000000e+00
   7.913000000000e+00
   7.954000000000e+00
   7.995000000000e+00
   8.036000000000e+00
   8.077000000000e+00
   8.118000000000e+00
   8.159000000000e+00
   8.200000000000e+00
