ARMA_MAT_TXT_FN008
200 1
   1.741379310345e-02
   3.482758620690e-02
   5.224137931034e-02
   6.965517241379e-02
   8.706896551724e-02
   1.044827586207e-01
   1.218965517241e-01
   1.393103448276e-01
   1.567241379310e-01
   1.741379310345e-01
   1.915517241379e-01
   2.089655172414e-01
   2.263793103448e-01
   2.437931034483e-01
   2.612068965517e-01
   2.786206896552e-01
   2.960344827586e-01
   3.134482758621e-01
   3.308620689655e-01
   3.482758620690e-01
   3.656896551724e-01
   3.831034482759e-01
   4.005172413793e-01
   4.179310344828e-01
   4.353448275862e-01
   4.527586206897e-01
   4.701724137931e-01
   4.875862068966e-01
   5.050000000000e-01
   5.224137931034e-01
   5.398275862069e-01
   5.572413793103e-01
   5.746551724138e-01
   5.920689655172e-01
   6.094827586207e-01
   6.268965517241e-01
   6.443103448276e-01
   6.617241379310e-01
   6.791379310345e-01
   6.965517241379e-01
   7.139655172414e-01
   7.313793103448e-01
   7.487931034483e-01
   7.662068965517e-01
   7.836206896552e-01
   8.010344827586e-01
   8.184482758621e-01
   8.358620689655e-01
   8.532758620690e-01
   8.706896551724e-01
   8.881034482759e-01
   9.055172413793e-01
   9.229310344828e-01
   9.403448275862e-01
   9.577586206897e-01
   9.751724137931e-01
   9.925862068966e-01
   1.010000000000e+00
   1.027413793103e+00
   1.044827586207e+00
   1.062241379310e+00
   1.079655172414e+00
   1.097068965517e+00
   1.114482758621e+00
   1.131896551724e+00
   1.149310344828e+00
   1.166724137931e+00
   1.184137931034e+00
   1.201551724138e+00
   1.218965517241e+00
   1.236379310345e+00
   1.253793103448e+00
   1.271206896552e+00
   1.288620689655e+00
   1.306034482759e+00
   1.323448275862e+00
   1.340862068966e+00
   1.358275862069e+00
   1.375689655172e+00
   1.393103448276e+00
   1.410517241379e+00
   1.427931034483e+00
   1.445344827586e+00
   1.462758620690e+00
   1.480172413793e+00
   1.497586206897e+00
   1.515000000000e+00
   1.532413793103e+00
   1.549827586207e+00
   1.567241379310e+00
   1.584655172414e+00
   1.602068965517e+00
   1.619482758621e+00
   1.636896551724e+00
   1.654310344828e+00
   1.671724137931e+00
   1.689137931034e+00
   1.706551724138e+00
   1.723965517241e+00
   1.741379310345e+00
   1.758793103448e+00
   1.776206896552e+00
   1.793620689655e+00
   1.811034482759e+00
   1.828448275862e+00
   1.845862068966e+00
   1.863275862069e+00
   1.880689655172e+00
   1.898103448276e+00
   1.915517241379e+00
   1.932931034483e+00
   1.950344827586e+00
   1.967758620690e+00
   1.985172413793e+00
   2.002586206897e+00
   2.020000000000e+00
   2.037413793103e+00
   2.054827586207e+00
   2.072241379310e+00
   2.089655172414e+00
   2.107068965517e+00
   2.124482758621e+00
   2.141896551724e+00
   2.159310344828e+00
   2.176724137931e+00
   2.194137931034e+00
   2.211551724138e+00
   2.228965517241e+00
   2.246379310345e+00
   2.263793103448e+00
   2.281206896552e+00
   2.298620689655e+00
   2.316034482759e+00
   2.333448275862e+00
   2.350862068966e+00
   2.368275862069e+00
   2.385689655172e+00
   2.403103448276e+00
   2.420517241379e+00
   2.437931034483e+00
   2.455344827586e+00
   2.472758620690e+00
   2.490172413793e+00
   2.507586206897e+00
   2.525000000000e+00
   2.542413793103e+00
   2.559827586207e+00
   2.577241379310e+00
   2.594655172414e+00
   2.612068965517e+00
   2.629482758621e+00
   2.646896551724e+00
   2.664310344828e+00
   2.681724137931e+00
   2.699137931034e+00
   2.716551724138e+00
   2.733965517241e+00
   2.751379310345e+00
   2.768793103448e+00
   2.786206896552e+00
   2.803620689655e+00
   2.821034482759e+00
   2.838448275862e+00
   2.855862068966e+00
   2.873275862069e+00
   2.890689655172e+00
   2.908103448276e+00
   2.925517241379e+00
   2.942931034483e+00
   2.960344827586e+00
   2.977758620690e+00
   2.995172413793e+00
   3.012586206897e+00
   3.030000000000e+00
   3.047413793103e+00
   3.064827586207e+00
   3.082241379310e+00
   3.099655172414e+00
   3.117068965517e+00
   3.134482758621e+00
   3.151896551724e+00
   3.169310344828e+00
   3.186724137931e+00
   3.204137931034e+00
   3.221551724138e+00
   3.238965517241e+00
   3.256379310345e+00
   3.273793103448e+00
   3.291206896552e+00
   3.308620689655e+00
   3.326034482759e+00
   3.343448275862e+00
   3.360862068966e+00
   3.378275862069e+00
   3.395689655172e+00
   3.413103448276e+00
   3.430517241379e+00
   3.447931034483e+00
   3.465344827586e+00
   3.482758620690e+00
