ARMA_MAT_TXT_FN008
200 1
   3.448275862069e-02
   6.896551724138e-02
   1.034482758621e-01
   1.379310344828e-01
   1.724137931034e-01
   2.068965517241e-01
   2.413793103448e-01
   2.758620689655e-01
   3.103448275862e-01
   3.448275862069e-01
   3.793103448276e-01
   4.137931034483e-01
   4.482758620690e-01
   4.827586206897e-01
   5.172413793103e-01
   5.517241379310e-01
   5.862068965517e-01
   6.206896551724e-01
   6.551724137931e-01
   6.896551724138e-01
   7.241379310345e-01
   7.586206896552e-01
   7.931034482759e-01
   8.275862068966e-01
   8.620689655172e-01
   8.965517241379e-01
   9.310344827586e-01
   9.655172413793e-01
   1.000000000000e+00
   1.034482758621e+00
   1.068965517241e+00
   1.103448275862e+00
   1.137931034483e+00
   1.172413793103e+00
   1.206896551724e+00
   1.241379310345e+00
   1.275862068966e+00
   1.310344827586e+00
   1.344827586207e+00
   1.379310344828e+00
   1.413793103448e+00
   1.448275862069e+00
   1.482758620690e+00
   1.517241379310e+00
   1.551724137931e+00
   1.586206896552e+00
   1.620689655172e+00
   1.655172413793e+00
   1.689655172414e+00
   1.724137931034e+00
   1.758620689655e+00
   1.793103448276e+00
   1.827586206897e+00
   1.862068965517e+00
   1.896551724138e+00
   1.931034482759e+00
   1.965517241379e+00
   2.000000000000e+00
   2.034482758621e+00
   2.068965517241e+00
   2.103448275862e+00
   2.137931034483e+00
   2.172413793103e+00
   2.206896551724e+00
   2.241379310345e+00
   2.275862068966e+00
   2.310344827586e+00
   2.344827586207e+00
   2.379310344828e+00
   2.413793103448e+00
   2.448275862069e+00
   2.482758620690e+00
   2.517241379310e+00
   2.551724137931e+00
   2.586206896552e+00
   2.620689655172e+00
   2.655172413793e+00
   2.689655172414e+00
   2.724137931034e+00
   2.758620689655e+00
   2.793103448276e+00
   2.827586206897e+00
   2.862068965517e+00
   2.896551724138e+00
   2.931034482759e+00
   2.965517241379e+00
   3.000000000000e+00
   3.034482758621e+00
   3.068965517241e+00
   3.103448275862e+00
   3.137931034483e+00
   3.172413793103e+00
   3.206896551724e+00
   3.241379310345e+00
   3.275862068966e+00
   3.310344827586e+00
   3.344827586207e+00
   3.379310344828e+00
   3.413793103448e+00
   3.448275862069e+00
   3.482758620690e+00
   3.517241379310e+00
   3.551724137931e+00
   3.586206896552e+00
   3.620689655172e+00
   3.655172413793e+00
   3.689655172414e+00
   3.724137931034e+00
   3.758620689655e+00
   3.793103448276e+00
   3.827586206897e+00
   3.862068965517e+00
   3.896551724138e+00
   3.931034482759e+00
   3.965517241379e+00
   4.000000000000e+00
   4.034482758621e+00
   4.068965517241e+00
   4.103448275862e+00
   4.137931034483e+00
   4.172413793103e+00
   4.206896551724e+00
   4.241379310345e+00
   4.275862068966e+00
   4.310344827586e+00
   4.344827586207e+00
   4.379310344828e+00
   4.413793103448e+00
   4.448275862069e+00
   4.482758620690e+00
   4.517241379310e+00
   4.551724137931e+00
   4.586206896552e+00
   4.620689655172e+00
   4.655172413793e+00
   4.689655172414e+00
   4.724137931034e+00
   4.758620689655e+00
   4.793103448276e+00
   4.827586206897e+00
   4.862068965517e+00
   4.896551724138e+00
   4.931034482759e+00
   4.965517241379e+00
   5.000000000000e+00
   5.034482758621e+00
   5.068965517241e+00
   5.103448275862e+00
   5.137931034483e+00
   5.172413793103e+00
   5.206896551724e+00
   5.241379310345e+00
   5.275862068966e+00
   5.310344827586e+00
   5.344827586207e+00
   5.379310344828e+00
   5.413793103448e+00
   5.448275862069e+00
   5.482758620690e+00
   5.517241379310e+00
   5.551724137931e+00
   5.586206896552e+00
   5.620689655172e+00
   5.655172413793e+00
   5.689655172414e+00
   5.724137931034e+00
   5.758620689655e+00
   5.793103448276e+00
   5.827586206897e+00
   5.862068965517e+00
   5.896551724138e+00
   5.931034482759e+00
   5.965517241379e+00
   6.000000000000e+00
   6.034482758621e+00
   6.068965517241e+00
   6.103448275862e+00
   6.137931034483e+00
   6.172413793103e+00
   6.206896551724e+00
   6.241379310345e+00
   6.275862068966e+00
   6.310344827586e+00
   6.344827586207e+00
   6.379310344828e+00
   6.413793103448e+00
   6.448275862069e+00
   6.482758620690e+00
   6.517241379310e+00
   6.551724137931e+00
   6.586206896552e+00
   6.620689655172e+00
   6.655172413793e+00
   6.689655172414e+00
   6.724137931034e+00
   6.758620689655e+00
   6.793103448276e+00
   6.827586206897e+00
   6.862068965517e+00
   6.896551724138e+00
