ARMA_MAT_TXT_FN008
139 1
   2.505581741503e-02
   5.011163483007e-02
   7.516745224510e-02
   1.002232696601e-01
   1.252790870752e-01
   1.503349044902e-01
   1.753907219052e-01
   2.004465393203e-01
   2.255023567353e-01
   2.505581741503e-01
   2.756139915654e-01
   3.006698089804e-01
   3.257256263954e-01
   3.507814438105e-01
   3.758372612255e-01
   4.008930786405e-01
   4.259488960556e-01
   4.510047134706e-01
   4.760605308856e-01
   5.011163483007e-01
   5.261721657157e-01
   5.512279831307e-01
   5.762838005458e-01
   6.013396179608e-01
   6.263954353758e-01
   6.514512527909e-01
   6.765070702059e-01
   7.015628876209e-01
   7.266187050360e-01
   7.516745224510e-01
   7.767303398660e-01
   8.017861572811e-01
   8.268419746961e-01
   8.518977921111e-01
   8.769536095262e-01
   9.020094269412e-01
   9.270652443562e-01
   9.521210617713e-01
   9.771768791863e-01
   1.002232696601e+00
   1.027288514016e+00
   1.052344331431e+00
   1.077400148846e+00
   1.102455966261e+00
   1.127511783677e+00
   1.152567601092e+00
   1.177623418507e+00
   1.202679235922e+00
   1.227735053337e+00
   1.252790870752e+00
   1.277846688167e+00
   1.302902505582e+00
   1.327958322997e+00
   1.353014140412e+00
   1.378069957827e+00
   1.403125775242e+00
   1.428181592657e+00
   1.453237410072e+00
   1.478293227487e+00
   1.503349044902e+00
   1.528404862317e+00
   1.553460679732e+00
   1.578516497147e+00
   1.603572314562e+00
   1.628628131977e+00
   1.653683949392e+00
   1.678739766807e+00
   1.703795584222e+00
   1.728851401637e+00
   1.753907219052e+00
   1.778963036467e+00
   1.804018853882e+00
   1.829074671297e+00
   1.854130488712e+00
   1.879186306128e+00
   1.904242123543e+00
   1.929297940958e+00
   1.954353758373e+00
   1.979409575788e+00
   2.004465393203e+00
   2.029521210618e+00
   2.054577028033e+00
   2.079632845448e+00
   2.104688662863e+00
   2.129744480278e+00
   2.154800297693e+00
   2.179856115108e+00
   2.204911932523e+00
   2.229967749938e+00
   2.255023567353e+00
   2.280079384768e+00
   2.305135202183e+00
   2.330191019598e+00
   2.355246837013e+00
   2.380302654428e+00
   2.405358471843e+00
   2.430414289258e+00
   2.455470106673e+00
   2.480525924088e+00
   2.505581741503e+00
   2.530637558918e+00
   2.555693376333e+00
   2.580749193748e+00
   2.605805011163e+00
   2.630860828579e+00
   2.655916645994e+00
   2.680972463409e+00
   2.706028280824e+00
   2.731084098239e+00
   2.756139915654e+00
   2.781195733069e+00
   2.806251550484e+00
   2.831307367899e+00
   2.856363185314e+00
   2.881419002729e+00
   2.906474820144e+00
   2.931530637559e+00
   2.956586454974e+00
   2.981642272389e+00
   3.006698089804e+00
   3.031753907219e+00
   3.056809724634e+00
   3.081865542049e+00
   3.106921359464e+00
   3.131977176879e+00
   3.157032994294e+00
   3.182088811709e+00
   3.207144629124e+00
   3.232200446539e+00
   3.257256263954e+00
   3.282312081369e+00
   3.307367898784e+00
   3.332423716199e+00
   3.357479533614e+00
   3.382535351030e+00
   3.407591168445e+00
   3.432646985860e+00
   3.457702803275e+00
   3.482758620690e+00
