ARMA_MAT_TXT_FN008
200 1
   1.586206896552e-02
   3.172413793103e-02
   4.758620689655e-02
   6.344827586207e-02
   7.931034482759e-02
   9.517241379310e-02
   1.110344827586e-01
   1.268965517241e-01
   1.427586206897e-01
   1.586206896552e-01
   1.744827586207e-01
   1.903448275862e-01
   2.062068965517e-01
   2.220689655172e-01
   2.379310344828e-01
   2.537931034483e-01
   2.696551724138e-01
   2.855172413793e-01
   3.013793103448e-01
   3.172413793103e-01
   3.331034482759e-01
   3.489655172414e-01
   3.648275862069e-01
   3.806896551724e-01
   3.965517241379e-01
   4.124137931034e-01
   4.282758620690e-01
   4.441379310345e-01
   4.600000000000e-01
   4.758620689655e-01
   4.917241379310e-01
   5.075862068966e-01
   5.234482758621e-01
   5.393103448276e-01
   5.551724137931e-01
   5.710344827586e-01
   5.868965517241e-01
   6.027586206897e-01
   6.186206896552e-01
   6.344827586207e-01
   6.503448275862e-01
   6.662068965517e-01
   6.820689655172e-01
   6.979310344828e-01
   7.137931034483e-01
   7.296551724138e-01
   7.455172413793e-01
   7.613793103448e-01
   7.772413793103e-01
   7.931034482759e-01
   8.089655172414e-01
   8.248275862069e-01
   8.406896551724e-01
   8.565517241379e-01
   8.724137931034e-01
   8.882758620690e-01
   9.041379310345e-01
   9.200000000000e-01
   9.358620689655e-01
   9.517241379310e-01
   9.675862068966e-01
   9.834482758621e-01
   9.993103448276e-01
   1.015172413793e+00
   1.031034482759e+00
   1.046896551724e+00
   1.062758620690e+00
   1.078620689655e+00
   1.094482758621e+00
   1.110344827586e+00
   1.126206896552e+00
   1.142068965517e+00
   1.157931034483e+00
   1.173793103448e+00
   1.189655172414e+00
   1.205517241379e+00
   1.221379310345e+00
   1.237241379310e+00
   1.253103448276e+00
   1.268965517241e+00
   1.284827586207e+00
   1.300689655172e+00
   1.316551724138e+00
   1.332413793103e+00
   1.348275862069e+00
   1.364137931034e+00
   1.380000000000e+00
   1.395862068966e+00
   1.411724137931e+00
   1.427586206897e+00
   1.443448275862e+00
   1.459310344828e+00
   1.475172413793e+00
   1.491034482759e+00
   1.506896551724e+00
   1.522758620690e+00
   1.538620689655e+00
   1.554482758621e+00
   1.570344827586e+00
   1.586206896552e+00
   1.602068965517e+00
   1.617931034483e+00
   1.633793103448e+00
   1.649655172414e+00
   1.665517241379e+00
   1.681379310345e+00
   1.697241379310e+00
   1.713103448276e+00
   1.728965517241e+00
   1.744827586207e+00
   1.760689655172e+00
   1.776551724138e+00
   1.792413793103e+00
   1.808275862069e+00
   1.824137931034e+00
   1.840000000000e+00
   1.855862068966e+00
   1.871724137931e+00
   1.887586206897e+00
   1.903448275862e+00
   1.919310344828e+00
   1.935172413793e+00
   1.951034482759e+00
   1.966896551724e+00
   1.982758620690e+00
   1.998620689655e+00
   2.014482758621e+00
   2.030344827586e+00
   2.046206896552e+00
   2.062068965517e+00
   2.077931034483e+00
   2.093793103448e+00
   2.109655172414e+00
   2.125517241379e+00
   2.141379310345e+00
   2.157241379310e+00
   2.173103448276e+00
   2.188965517241e+00
   2.204827586207e+00
   2.220689655172e+00
   2.236551724138e+00
   2.252413793103e+00
   2.268275862069e+00
   2.284137931034e+00
   2.300000000000e+00
   2.315862068966e+00
   2.331724137931e+00
   2.347586206897e+00
   2.363448275862e+00
   2.379310344828e+00
   2.395172413793e+00
   2.411034482759e+00
   2.426896551724e+00
   2.442758620690e+00
   2.458620689655e+00
   2.474482758621e+00
   2.490344827586e+00
   2.506206896552e+00
   2.522068965517e+00
   2.537931034483e+00
   2.553793103448e+00
   2.569655172414e+00
   2.585517241379e+00
   2.601379310345e+00
   2.617241379310e+00
   2.633103448276e+00
   2.648965517241e+00
   2.664827586207e+00
   2.680689655172e+00
   2.696551724138e+00
   2.712413793103e+00
   2.728275862069e+00
   2.744137931034e+00
   2.760000000000e+00
   2.775862068966e+00
   2.791724137931e+00
   2.807586206897e+00
   2.823448275862e+00
   2.839310344828e+00
   2.855172413793e+00
   2.871034482759e+00
   2.886896551724e+00
   2.902758620690e+00
   2.918620689655e+00
   2.934482758621e+00
   2.950344827586e+00
   2.966206896552e+00
   2.982068965517e+00
   2.997931034483e+00
   3.013793103448e+00
   3.029655172414e+00
   3.045517241379e+00
   3.061379310345e+00
   3.077241379310e+00
   3.093103448276e+00
   3.108965517241e+00
   3.124827586207e+00
   3.140689655172e+00
   3.156551724138e+00
   3.172413793103e+00
