ARMA_MAT_TXT_FN008
126 1
   2.517788724685e-02
   5.035577449371e-02
   7.553366174056e-02
   1.007115489874e-01
   1.258894362343e-01
   1.510673234811e-01
   1.762452107280e-01
   2.014230979748e-01
   2.266009852217e-01
   2.517788724685e-01
   2.769567597154e-01
   3.021346469622e-01
   3.273125342091e-01
   3.524904214559e-01
   3.776683087028e-01
   4.028461959496e-01
   4.280240831965e-01
   4.532019704433e-01
   4.783798576902e-01
   5.035577449371e-01
   5.287356321839e-01
   5.539135194308e-01
   5.790914066776e-01
   6.042692939245e-01
   6.294471811713e-01
   6.546250684182e-01
   6.798029556650e-01
   7.049808429119e-01
   7.301587301587e-01
   7.553366174056e-01
   7.805145046524e-01
   8.056923918993e-01
   8.308702791461e-01
   8.560481663930e-01
   8.812260536398e-01
   9.064039408867e-01
   9.315818281336e-01
   9.567597153804e-01
   9.819376026273e-01
   1.007115489874e+00
   1.032293377121e+00
   1.057471264368e+00
   1.082649151615e+00
   1.107827038862e+00
   1.133004926108e+00
   1.158182813355e+00
   1.183360700602e+00
   1.208538587849e+00
   1.233716475096e+00
   1.258894362343e+00
   1.284072249589e+00
   1.309250136836e+00
   1.334428024083e+00
   1.359605911330e+00
   1.384783798577e+00
   1.409961685824e+00
   1.435139573071e+00
   1.460317460317e+00
   1.485495347564e+00
   1.510673234811e+00
   1.535851122058e+00
   1.561029009305e+00
   1.586206896552e+00
   1.611384783799e+00
   1.636562671045e+00
   1.661740558292e+00
   1.686918445539e+00
   1.712096332786e+00
   1.737274220033e+00
   1.762452107280e+00
   1.787629994527e+00
   1.812807881773e+00
   1.837985769020e+00
   1.863163656267e+00
   1.888341543514e+00
   1.913519430761e+00
   1.938697318008e+00
   1.963875205255e+00
   1.989053092501e+00
   2.014230979748e+00
   2.039408866995e+00
   2.064586754242e+00
   2.089764641489e+00
   2.114942528736e+00
   2.140120415982e+00
   2.165298303229e+00
   2.190476190476e+00
   2.215654077723e+00
   2.240831964970e+00
   2.266009852217e+00
   2.291187739464e+00
   2.316365626710e+00
   2.341543513957e+00
   2.366721401204e+00
   2.391899288451e+00
   2.417077175698e+00
   2.442255062945e+00
   2.467432950192e+00
   2.492610837438e+00
   2.517788724685e+00
   2.542966611932e+00
   2.568144499179e+00
   2.593322386426e+00
   2.618500273673e+00
   2.643678160920e+00
   2.668856048166e+00
   2.694033935413e+00
   2.719211822660e+00
   2.744389709907e+00
   2.769567597154e+00
   2.794745484401e+00
   2.819923371648e+00
   2.845101258894e+00
   2.870279146141e+00
   2.895457033388e+00
   2.920634920635e+00
   2.945812807882e+00
   2.970990695129e+00
   2.996168582375e+00
   3.021346469622e+00
   3.046524356869e+00
   3.071702244116e+00
   3.096880131363e+00
   3.122058018610e+00
   3.147235905857e+00
   3.172413793103e+00
