ARMA_MAT_TXT_FN008
80 1
   3.189655172414e-02
   6.379310344828e-02
   9.568965517241e-02
   1.275862068966e-01
   1.594827586207e-01
   1.913793103448e-01
   2.232758620690e-01
   2.551724137931e-01
   2.870689655172e-01
   3.189655172414e-01
   3.508620689655e-01
   3.827586206897e-01
   4.146551724138e-01
   4.465517241379e-01
   4.784482758621e-01
   5.103448275862e-01
   5.422413793103e-01
   5.741379310345e-01
   6.060344827586e-01
   6.379310344828e-01
   6.698275862069e-01
   7.017241379310e-01
   7.336206896552e-01
   7.655172413793e-01
   7.974137931034e-01
   8.293103448276e-01
   8.612068965517e-01
   8.931034482759e-01
   9.250000000000e-01
   9.568965517241e-01
   9.887931034483e-01
   1.020689655172e+00
   1.052586206897e+00
   1.084482758621e+00
   1.116379310345e+00
   1.148275862069e+00
   1.180172413793e+00
   1.212068965517e+00
   1.243965517241e+00
   1.275862068966e+00
   1.307758620690e+00
   1.339655172414e+00
   1.371551724138e+00
   1.403448275862e+00
   1.435344827586e+00
   1.467241379310e+00
   1.499137931034e+00
   1.531034482759e+00
   1.562931034483e+00
   1.594827586207e+00
   1.626724137931e+00
   1.658620689655e+00
   1.690517241379e+00
   1.722413793103e+00
   1.754310344828e+00
   1.786206896552e+00
   1.818103448276e+00
   1.850000000000e+00
   1.881896551724e+00
   1.913793103448e+00
   1.945689655172e+00
   1.977586206897e+00
   2.009482758621e+00
   2.041379310345e+00
   2.073275862069e+00
   2.105172413793e+00
   2.137068965517e+00
   2.168965517241e+00
   2.200862068966e+00
   2.232758620690e+00
   2.264655172414e+00
   2.296551724138e+00
   2.328448275862e+00
   2.360344827586e+00
   2.392241379310e+00
   2.424137931034e+00
   2.456034482759e+00
   2.487931034483e+00
   2.519827586207e+00
   2.551724137931e+00
