ARMA_MAT_TXT_FN008
240 1
   2.614942528736e-02
   5.229885057471e-02
   7.844827586207e-02
   1.045977011494e-01
   1.307471264368e-01
   1.568965517241e-01
   1.830459770115e-01
   2.091954022989e-01
   2.353448275862e-01
   2.614942528736e-01
   2.876436781609e-01
   3.137931034483e-01
   3.399425287356e-01
   3.660919540230e-01
   3.922413793103e-01
   4.183908045977e-01
   4.445402298851e-01
   4.706896551724e-01
   4.968390804598e-01
   5.229885057471e-01
   5.491379310345e-01
   5.752873563218e-01
   6.014367816092e-01
   6.275862068966e-01
   6.537356321839e-01
   6.798850574713e-01
   7.060344827586e-01
   7.321839080460e-01
   7.583333333333e-01
   7.844827586207e-01
   8.106321839080e-01
   8.367816091954e-01
   8.629310344828e-01
   8.890804597701e-01
   9.152298850575e-01
   9.413793103448e-01
   9.675287356322e-01
   9.936781609195e-01
   1.019827586207e+00
   1.045977011494e+00
   1.072126436782e+00
   1.098275862069e+00
   1.124425287356e+00
   1.150574712644e+00
   1.176724137931e+00
   1.202873563218e+00
   1.229022988506e+00
   1.255172413793e+00
   1.281321839080e+00
   1.307471264368e+00
   1.333620689655e+00
   1.359770114943e+00
   1.385919540230e+00
   1.412068965517e+00
   1.438218390805e+00
   1.464367816092e+00
   1.490517241379e+00
   1.516666666667e+00
   1.542816091954e+00
   1.568965517241e+00
   1.595114942529e+00
   1.621264367816e+00
   1.647413793103e+00
   1.673563218391e+00
   1.699712643678e+00
   1.725862068966e+00
   1.752011494253e+00
   1.778160919540e+00
   1.804310344828e+00
   1.830459770115e+00
   1.856609195402e+00
   1.882758620690e+00
   1.908908045977e+00
   1.935057471264e+00
   1.961206896552e+00
   1.987356321839e+00
   2.013505747126e+00
   2.039655172414e+00
   2.065804597701e+00
   2.091954022989e+00
   2.118103448276e+00
   2.144252873563e+00
   2.170402298851e+00
   2.196551724138e+00
   2.222701149425e+00
   2.248850574713e+00
   2.275000000000e+00
   2.301149425287e+00
   2.327298850575e+00
   2.353448275862e+00
   2.379597701149e+00
   2.405747126437e+00
   2.431896551724e+00
   2.458045977011e+00
   2.484195402299e+00
   2.510344827586e+00
   2.536494252874e+00
   2.562643678161e+00
   2.588793103448e+00
   2.614942528736e+00
   2.641091954023e+00
   2.667241379310e+00
   2.693390804598e+00
   2.719540229885e+00
   2.745689655172e+00
   2.771839080460e+00
   2.797988505747e+00
   2.824137931034e+00
   2.850287356322e+00
   2.876436781609e+00
   2.902586206897e+00
   2.928735632184e+00
   2.954885057471e+00
   2.981034482759e+00
   3.007183908046e+00
   3.033333333333e+00
   3.059482758621e+00
   3.085632183908e+00
   3.111781609195e+00
   3.137931034483e+00
   3.164080459770e+00
   3.190229885057e+00
   3.216379310345e+00
   3.242528735632e+00
   3.268678160920e+00
   3.294827586207e+00
   3.320977011494e+00
   3.347126436782e+00
   3.373275862069e+00
   3.399425287356e+00
   3.425574712644e+00
   3.451724137931e+00
   3.477873563218e+00
   3.504022988506e+00
   3.530172413793e+00
   3.556321839080e+00
   3.582471264368e+00
   3.608620689655e+00
   3.634770114943e+00
   3.660919540230e+00
   3.687068965517e+00
   3.713218390805e+00
   3.739367816092e+00
   3.765517241379e+00
   3.791666666667e+00
   3.817816091954e+00
   3.843965517241e+00
   3.870114942529e+00
   3.896264367816e+00
   3.922413793103e+00
   3.948563218391e+00
   3.974712643678e+00
   4.000862068966e+00
   4.027011494253e+00
   4.053160919540e+00
   4.079310344828e+00
   4.105459770115e+00
   4.131609195402e+00
   4.157758620690e+00
   4.183908045977e+00
   4.210057471264e+00
   4.236206896552e+00
   4.262356321839e+00
   4.288505747126e+00
   4.314655172414e+00
   4.340804597701e+00
   4.366954022989e+00
   4.393103448276e+00
   4.419252873563e+00
   4.445402298851e+00
   4.471551724138e+00
   4.497701149425e+00
   4.523850574713e+00
   4.550000000000e+00
   4.576149425287e+00
   4.602298850575e+00
   4.628448275862e+00
   4.654597701149e+00
   4.680747126437e+00
   4.706896551724e+00
   4.733045977011e+00
   4.759195402299e+00
   4.785344827586e+00
   4.811494252874e+00
   4.837643678161e+00
   4.863793103448e+00
   4.889942528736e+00
   4.916091954023e+00
   4.942241379310e+00
   4.968390804598e+00
   4.994540229885e+00
   5.020689655172e+00
   5.046839080460e+00
   5.072988505747e+00
   5.099137931034e+00
   5.125287356322e+00
   5.151436781609e+00
   5.177586206897e+00
   5.203735632184e+00
   5.229885057471e+00
   5.256034482759e+00
   5.282183908046e+00
   5.308333333333e+00
   5.334482758621e+00
   5.360632183908e+00
   5.386781609195e+00
   5.412931034483e+00
   5.439080459770e+00
   5.465229885057e+00
   5.491379310345e+00
   5.517528735632e+00
   5.543678160920e+00
   5.569827586207e+00
   5.595977011494e+00
   5.622126436782e+00
   5.648275862069e+00
   5.674425287356e+00
   5.700574712644e+00
   5.726724137931e+00
   5.752873563218e+00
   5.779022988506e+00
   5.805172413793e+00
   5.831321839080e+00
   5.857471264368e+00
   5.883620689655e+00
   5.909770114943e+00
   5.935919540230e+00
   5.962068965517e+00
   5.988218390805e+00
   6.014367816092e+00
   6.040517241379e+00
   6.066666666667e+00
   6.092816091954e+00
   6.118965517241e+00
   6.145114942529e+00
   6.171264367816e+00
   6.197413793103e+00
   6.223563218391e+00
   6.249712643678e+00
   6.275862068966e+00
