ARMA_MAT_TXT_FN008
89 1
   2.518403719489e-02
   5.036807438977e-02
   7.555211158466e-02
   1.007361487795e-01
   1.259201859744e-01
   1.511042231693e-01
   1.762882603642e-01
   2.014722975591e-01
   2.266563347540e-01
   2.518403719489e-01
   2.770244091437e-01
   3.022084463386e-01
   3.273924835335e-01
   3.525765207284e-01
   3.777605579233e-01
   4.029445951182e-01
   4.281286323131e-01
   4.533126695079e-01
   4.784967067028e-01
   5.036807438977e-01
   5.288647810926e-01
   5.540488182875e-01
   5.792328554824e-01
   6.044168926773e-01
   6.296009298721e-01
   6.547849670670e-01
   6.799690042619e-01
   7.051530414568e-01
   7.303370786517e-01
   7.555211158466e-01
   7.807051530415e-01
   8.058891902363e-01
   8.310732274312e-01
   8.562572646261e-01
   8.814413018210e-01
   9.066253390159e-01
   9.318093762108e-01
   9.569934134057e-01
   9.821774506005e-01
   1.007361487795e+00
   1.032545524990e+00
   1.057729562185e+00
   1.082913599380e+00
   1.108097636575e+00
   1.133281673770e+00
   1.158465710965e+00
   1.183649748160e+00
   1.208833785355e+00
   1.234017822549e+00
   1.259201859744e+00
   1.284385896939e+00
   1.309569934134e+00
   1.334753971329e+00
   1.359938008524e+00
   1.385122045719e+00
   1.410306082914e+00
   1.435490120108e+00
   1.460674157303e+00
   1.485858194498e+00
   1.511042231693e+00
   1.536226268888e+00
   1.561410306083e+00
   1.586594343278e+00
   1.611778380473e+00
   1.636962417668e+00
   1.662146454862e+00
   1.687330492057e+00
   1.712514529252e+00
   1.737698566447e+00
   1.762882603642e+00
   1.788066640837e+00
   1.813250678032e+00
   1.838434715227e+00
   1.863618752422e+00
   1.888802789616e+00
   1.913986826811e+00
   1.939170864006e+00
   1.964354901201e+00
   1.989538938396e+00
   2.014722975591e+00
   2.039907012786e+00
   2.065091049981e+00
   2.090275087176e+00
   2.115459124370e+00
   2.140643161565e+00
   2.165827198760e+00
   2.191011235955e+00
   2.216195273150e+00
   2.241379310345e+00
