ARMA_MAT_TXT_FN008
313 1
   2.500826264184e-02
   5.001652528368e-02
   7.502478792553e-02
   1.000330505674e-01
   1.250413132092e-01
   1.500495758511e-01
   1.750578384929e-01
   2.000661011347e-01
   2.250743637766e-01
   2.500826264184e-01
   2.750908890603e-01
   3.000991517021e-01
   3.251074143439e-01
   3.501156769858e-01
   3.751239396276e-01
   4.001322022695e-01
   4.251404649113e-01
   4.501487275532e-01
   4.751569901950e-01
   5.001652528368e-01
   5.251735154787e-01
   5.501817781205e-01
   5.751900407624e-01
   6.001983034042e-01
   6.252065660461e-01
   6.502148286879e-01
   6.752230913297e-01
   7.002313539716e-01
   7.252396166134e-01
   7.502478792553e-01
   7.752561418971e-01
   8.002644045389e-01
   8.252726671808e-01
   8.502809298226e-01
   8.752891924645e-01
   9.002974551063e-01
   9.253057177482e-01
   9.503139803900e-01
   9.753222430318e-01
   1.000330505674e+00
   1.025338768316e+00
   1.050347030957e+00
   1.075355293599e+00
   1.100363556241e+00
   1.125371818883e+00
   1.150380081525e+00
   1.175388344167e+00
   1.200396606808e+00
   1.225404869450e+00
   1.250413132092e+00
   1.275421394734e+00
   1.300429657376e+00
   1.325437920018e+00
   1.350446182659e+00
   1.375454445301e+00
   1.400462707943e+00
   1.425470970585e+00
   1.450479233227e+00
   1.475487495869e+00
   1.500495758511e+00
   1.525504021152e+00
   1.550512283794e+00
   1.575520546436e+00
   1.600528809078e+00
   1.625537071720e+00
   1.650545334362e+00
   1.675553597003e+00
   1.700561859645e+00
   1.725570122287e+00
   1.750578384929e+00
   1.775586647571e+00
   1.800594910213e+00
   1.825603172854e+00
   1.850611435496e+00
   1.875619698138e+00
   1.900627960780e+00
   1.925636223422e+00
   1.950644486064e+00
   1.975652748706e+00
   2.000661011347e+00
   2.025669273989e+00
   2.050677536631e+00
   2.075685799273e+00
   2.100694061915e+00
   2.125702324557e+00
   2.150710587198e+00
   2.175718849840e+00
   2.200727112482e+00
   2.225735375124e+00
   2.250743637766e+00
   2.275751900408e+00
   2.300760163049e+00
   2.325768425691e+00
   2.350776688333e+00
   2.375784950975e+00
   2.400793213617e+00
   2.425801476259e+00
   2.450809738901e+00
   2.475818001542e+00
   2.500826264184e+00
   2.525834526826e+00
   2.550842789468e+00
   2.575851052110e+00
   2.600859314752e+00
   2.625867577393e+00
   2.650875840035e+00
   2.675884102677e+00
   2.700892365319e+00
   2.725900627961e+00
   2.750908890603e+00
   2.775917153244e+00
   2.800925415886e+00
   2.825933678528e+00
   2.850941941170e+00
   2.875950203812e+00
   2.900958466454e+00
   2.925966729096e+00
   2.950974991737e+00
   2.975983254379e+00
   3.000991517021e+00
   3.025999779663e+00
   3.051008042305e+00
   3.076016304947e+00
   3.101024567588e+00
   3.126032830230e+00
   3.151041092872e+00
   3.176049355514e+00
   3.201057618156e+00
   3.226065880798e+00
   3.251074143439e+00
   3.276082406081e+00
   3.301090668723e+00
   3.326098931365e+00
   3.351107194007e+00
   3.376115456649e+00
   3.401123719291e+00
   3.426131981932e+00
   3.451140244574e+00
   3.476148507216e+00
   3.501156769858e+00
   3.526165032500e+00
   3.551173295142e+00
   3.576181557783e+00
   3.601189820425e+00
   3.626198083067e+00
   3.651206345709e+00
   3.676214608351e+00
   3.701222870993e+00
   3.726231133634e+00
   3.751239396276e+00
   3.776247658918e+00
   3.801255921560e+00
   3.826264184202e+00
   3.851272446844e+00
   3.876280709486e+00
   3.901288972127e+00
   3.926297234769e+00
   3.951305497411e+00
   3.976313760053e+00
   4.001322022695e+00
   4.026330285337e+00
   4.051338547978e+00
   4.076346810620e+00
   4.101355073262e+00
   4.126363335904e+00
   4.151371598546e+00
   4.176379861188e+00
   4.201388123829e+00
   4.226396386471e+00
   4.251404649113e+00
   4.276412911755e+00
   4.301421174397e+00
   4.326429437039e+00
   4.351437699681e+00
   4.376445962322e+00
   4.401454224964e+00
   4.426462487606e+00
   4.451470750248e+00
   4.476479012890e+00
   4.501487275532e+00
   4.526495538173e+00
   4.551503800815e+00
   4.576512063457e+00
   4.601520326099e+00
   4.626528588741e+00
   4.651536851383e+00
   4.676545114024e+00
   4.701553376666e+00
   4.726561639308e+00
   4.751569901950e+00
   4.776578164592e+00
   4.801586427234e+00
   4.826594689876e+00
   4.851602952517e+00
   4.876611215159e+00
   4.901619477801e+00
   4.926627740443e+00
   4.951636003085e+00
   4.976644265727e+00
   5.001652528368e+00
   5.026660791010e+00
   5.051669053652e+00
   5.076677316294e+00
   5.101685578936e+00
   5.126693841578e+00
   5.151702104219e+00
   5.176710366861e+00
   5.201718629503e+00
   5.226726892145e+00
   5.251735154787e+00
   5.276743417429e+00
   5.301751680071e+00
   5.326759942712e+00
   5.351768205354e+00
   5.376776467996e+00
   5.401784730638e+00
   5.426792993280e+00
   5.451801255922e+00
   5.476809518563e+00
   5.501817781205e+00
   5.526826043847e+00
   5.551834306489e+00
   5.576842569131e+00
   5.601850831773e+00
   5.626859094414e+00
   5.651867357056e+00
   5.676875619698e+00
   5.701883882340e+00
   5.726892144982e+00
   5.751900407624e+00
   5.776908670266e+00
   5.801916932907e+00
   5.826925195549e+00
   5.851933458191e+00
   5.876941720833e+00
   5.901949983475e+00
   5.926958246117e+00
   5.951966508758e+00
   5.976974771400e+00
   6.001983034042e+00
   6.026991296684e+00
   6.051999559326e+00
   6.077007821968e+00
   6.102016084609e+00
   6.127024347251e+00
   6.152032609893e+00
   6.177040872535e+00
   6.202049135177e+00
   6.227057397819e+00
   6.252065660461e+00
   6.277073923102e+00
   6.302082185744e+00
   6.327090448386e+00
   6.352098711028e+00
   6.377106973670e+00
   6.402115236312e+00
   6.427123498953e+00
   6.452131761595e+00
   6.477140024237e+00
   6.502148286879e+00
   6.527156549521e+00
   6.552164812163e+00
   6.577173074804e+00
   6.602181337446e+00
   6.627189600088e+00
   6.652197862730e+00
   6.677206125372e+00
   6.702214388014e+00
   6.727222650656e+00
   6.752230913297e+00
   6.777239175939e+00
   6.802247438581e+00
   6.827255701223e+00
   6.852263963865e+00
   6.877272226507e+00
   6.902280489148e+00
   6.927288751790e+00
   6.952297014432e+00
   6.977305277074e+00
   7.002313539716e+00
   7.027321802358e+00
   7.052330064999e+00
   7.077338327641e+00
   7.102346590283e+00
   7.127354852925e+00
   7.152363115567e+00
   7.177371378209e+00
   7.202379640851e+00
   7.227387903492e+00
   7.252396166134e+00
   7.277404428776e+00
   7.302412691418e+00
   7.327420954060e+00
   7.352429216702e+00
   7.377437479343e+00
   7.402445741985e+00
   7.427454004627e+00
   7.452462267269e+00
   7.477470529911e+00
   7.502478792553e+00
   7.527487055194e+00
   7.552495317836e+00
   7.577503580478e+00
   7.602511843120e+00
   7.627520105762e+00
   7.652528368404e+00
   7.677536631045e+00
   7.702544893687e+00
   7.727553156329e+00
   7.752561418971e+00
   7.777569681613e+00
   7.802577944255e+00
   7.827586206897e+00
