ARMA_MAT_TXT_FN008
200 1
   1.850000000000e-02
   3.700000000000e-02
   5.550000000000e-02
   7.400000000000e-02
   9.250000000000e-02
   1.110000000000e-01
   1.295000000000e-01
   1.480000000000e-01
   1.665000000000e-01
   1.850000000000e-01
   2.035000000000e-01
   2.220000000000e-01
   2.405000000000e-01
   2.590000000000e-01
   2.775000000000e-01
   2.960000000000e-01
   3.145000000000e-01
   3.330000000000e-01
   3.515000000000e-01
   3.700000000000e-01
   3.885000000000e-01
   4.070000000000e-01
   4.255000000000e-01
   4.440000000000e-01
   4.625000000000e-01
   4.810000000000e-01
   4.995000000000e-01
   5.180000000000e-01
   5.365000000000e-01
   5.550000000000e-01
   5.735000000000e-01
   5.920000000000e-01
   6.105000000000e-01
   6.290000000000e-01
   6.475000000000e-01
   6.660000000000e-01
   6.845000000000e-01
   7.030000000000e-01
   7.215000000000e-01
   7.400000000000e-01
   7.585000000000e-01
   7.770000000000e-01
   7.955000000000e-01
   8.140000000000e-01
   8.325000000000e-01
   8.510000000000e-01
   8.695000000000e-01
   8.880000000000e-01
   9.065000000000e-01
   9.250000000000e-01
   9.435000000000e-01
   9.620000000000e-01
   9.805000000000e-01
   9.990000000000e-01
   1.017500000000e+00
   1.036000000000e+00
   1.054500000000e+00
   1.073000000000e+00
   1.091500000000e+00
   1.110000000000e+00
   1.128500000000e+00
   1.147000000000e+00
   1.165500000000e+00
   1.184000000000e+00
   1.202500000000e+00
   1.221000000000e+00
   1.239500000000e+00
   1.258000000000e+00
   1.276500000000e+00
   1.295000000000e+00
   1.313500000000e+00
   1.332000000000e+00
   1.350500000000e+00
   1.369000000000e+00
   1.387500000000e+00
   1.406000000000e+00
   1.424500000000e+00
   1.443000000000e+00
   1.461500000000e+00
   1.480000000000e+00
   1.498500000000e+00
   1.517000000000e+00
   1.535500000000e+00
   1.554000000000e+00
   1.572500000000e+00
   1.591000000000e+00
   1.609500000000e+00
   1.628000000000e+00
   1.646500000000e+00
   1.665000000000e+00
   1.683500000000e+00
   1.702000000000e+00
   1.720500000000e+00
   1.739000000000e+00
   1.757500000000e+00
   1.776000000000e+00
   1.794500000000e+00
   1.813000000000e+00
   1.831500000000e+00
   1.850000000000e+00
   1.868500000000e+00
   1.887000000000e+00
   1.905500000000e+00
   1.924000000000e+00
   1.942500000000e+00
   1.961000000000e+00
   1.979500000000e+00
   1.998000000000e+00
   2.016500000000e+00
   2.035000000000e+00
   2.053500000000e+00
   2.072000000000e+00
   2.090500000000e+00
   2.109000000000e+00
   2.127500000000e+00
   2.146000000000e+00
   2.164500000000e+00
   2.183000000000e+00
   2.201500000000e+00
   2.220000000000e+00
   2.238500000000e+00
   2.257000000000e+00
   2.275500000000e+00
   2.294000000000e+00
   2.312500000000e+00
   2.331000000000e+00
   2.349500000000e+00
   2.368000000000e+00
   2.386500000000e+00
   2.405000000000e+00
   2.423500000000e+00
   2.442000000000e+00
   2.460500000000e+00
   2.479000000000e+00
   2.497500000000e+00
   2.516000000000e+00
   2.534500000000e+00
   2.553000000000e+00
   2.571500000000e+00
   2.590000000000e+00
   2.608500000000e+00
   2.627000000000e+00
   2.645500000000e+00
   2.664000000000e+00
   2.682500000000e+00
   2.701000000000e+00
   2.719500000000e+00
   2.738000000000e+00
   2.756500000000e+00
   2.775000000000e+00
   2.793500000000e+00
   2.812000000000e+00
   2.830500000000e+00
   2.849000000000e+00
   2.867500000000e+00
   2.886000000000e+00
   2.904500000000e+00
   2.923000000000e+00
   2.941500000000e+00
   2.960000000000e+00
   2.978500000000e+00
   2.997000000000e+00
   3.015500000000e+00
   3.034000000000e+00
   3.052500000000e+00
   3.071000000000e+00
   3.089500000000e+00
   3.108000000000e+00
   3.126500000000e+00
   3.145000000000e+00
   3.163500000000e+00
   3.182000000000e+00
   3.200500000000e+00
   3.219000000000e+00
   3.237500000000e+00
   3.256000000000e+00
   3.274500000000e+00
   3.293000000000e+00
   3.311500000000e+00
   3.330000000000e+00
   3.348500000000e+00
   3.367000000000e+00
   3.385500000000e+00
   3.404000000000e+00
   3.422500000000e+00
   3.441000000000e+00
   3.459500000000e+00
   3.478000000000e+00
   3.496500000000e+00
   3.515000000000e+00
   3.533500000000e+00
   3.552000000000e+00
   3.570500000000e+00
   3.589000000000e+00
   3.607500000000e+00
   3.626000000000e+00
   3.644500000000e+00
   3.663000000000e+00
   3.681500000000e+00
   3.700000000000e+00
