ARMA_MAT_TXT_FN008
251 1
   2.500343453771e-02
   5.000686907542e-02
   7.501030361313e-02
   1.000137381508e-01
   1.250171726886e-01
   1.500206072263e-01
   1.750240417640e-01
   2.000274763017e-01
   2.250309108394e-01
   2.500343453771e-01
   2.750377799148e-01
   3.000412144525e-01
   3.250446489902e-01
   3.500480835280e-01
   3.750515180657e-01
   4.000549526034e-01
   4.250583871411e-01
   4.500618216788e-01
   4.750652562165e-01
   5.000686907542e-01
   5.250721252919e-01
   5.500755598296e-01
   5.750789943674e-01
   6.000824289051e-01
   6.250858634428e-01
   6.500892979805e-01
   6.750927325182e-01
   7.000961670559e-01
   7.250996015936e-01
   7.501030361313e-01
   7.751064706690e-01
   8.001099052068e-01
   8.251133397445e-01
   8.501167742822e-01
   8.751202088199e-01
   9.001236433576e-01
   9.251270778953e-01
   9.501305124330e-01
   9.751339469707e-01
   1.000137381508e+00
   1.025140816046e+00
   1.050144250584e+00
   1.075147685122e+00
   1.100151119659e+00
   1.125154554197e+00
   1.150157988735e+00
   1.175161423272e+00
   1.200164857810e+00
   1.225168292348e+00
   1.250171726886e+00
   1.275175161423e+00
   1.300178595961e+00
   1.325182030499e+00
   1.350185465036e+00
   1.375188899574e+00
   1.400192334112e+00
   1.425195768650e+00
   1.450199203187e+00
   1.475202637725e+00
   1.500206072263e+00
   1.525209506800e+00
   1.550212941338e+00
   1.575216375876e+00
   1.600219810414e+00
   1.625223244951e+00
   1.650226679489e+00
   1.675230114027e+00
   1.700233548564e+00
   1.725236983102e+00
   1.750240417640e+00
   1.775243852177e+00
   1.800247286715e+00
   1.825250721253e+00
   1.850254155791e+00
   1.875257590328e+00
   1.900261024866e+00
   1.925264459404e+00
   1.950267893941e+00
   1.975271328479e+00
   2.000274763017e+00
   2.025278197555e+00
   2.050281632092e+00
   2.075285066630e+00
   2.100288501168e+00
   2.125291935705e+00
   2.150295370243e+00
   2.175298804781e+00
   2.200302239319e+00
   2.225305673856e+00
   2.250309108394e+00
   2.275312542932e+00
   2.300315977469e+00
   2.325319412007e+00
   2.350322846545e+00
   2.375326281083e+00
   2.400329715620e+00
   2.425333150158e+00
   2.450336584696e+00
   2.475340019233e+00
   2.500343453771e+00
   2.525346888309e+00
   2.550350322847e+00
   2.575353757384e+00
   2.600357191922e+00
   2.625360626460e+00
   2.650364060997e+00
   2.675367495535e+00
   2.700370930073e+00
   2.725374364611e+00
   2.750377799148e+00
   2.775381233686e+00
   2.800384668224e+00
   2.825388102761e+00
   2.850391537299e+00
   2.875394971837e+00
   2.900398406375e+00
   2.925401840912e+00
   2.950405275450e+00
   2.975408709988e+00
   3.000412144525e+00
   3.025415579063e+00
   3.050419013601e+00
   3.075422448138e+00
   3.100425882676e+00
   3.125429317214e+00
   3.150432751752e+00
   3.175436186289e+00
   3.200439620827e+00
   3.225443055365e+00
   3.250446489902e+00
   3.275449924440e+00
   3.300453358978e+00
   3.325456793516e+00
   3.350460228053e+00
   3.375463662591e+00
   3.400467097129e+00
   3.425470531666e+00
   3.450473966204e+00
   3.475477400742e+00
   3.500480835280e+00
   3.525484269817e+00
   3.550487704355e+00
   3.575491138893e+00
   3.600494573430e+00
   3.625498007968e+00
   3.650501442506e+00
   3.675504877044e+00
   3.700508311581e+00
   3.725511746119e+00
   3.750515180657e+00
   3.775518615194e+00
   3.800522049732e+00
   3.825525484270e+00
   3.850528918808e+00
   3.875532353345e+00
   3.900535787883e+00
   3.925539222421e+00
   3.950542656958e+00
   3.975546091496e+00
   4.000549526034e+00
   4.025552960572e+00
   4.050556395109e+00
   4.075559829647e+00
   4.100563264185e+00
   4.125566698722e+00
   4.150570133260e+00
   4.175573567798e+00
   4.200577002335e+00
   4.225580436873e+00
   4.250583871411e+00
   4.275587305949e+00
   4.300590740486e+00
   4.325594175024e+00
   4.350597609562e+00
   4.375601044099e+00
   4.400604478637e+00
   4.425607913175e+00
   4.450611347713e+00
   4.475614782250e+00
   4.500618216788e+00
   4.525621651326e+00
   4.550625085863e+00
   4.575628520401e+00
   4.600631954939e+00
   4.625635389477e+00
   4.650638824014e+00
   4.675642258552e+00
   4.700645693090e+00
   4.725649127627e+00
   4.750652562165e+00
   4.775655996703e+00
   4.800659431241e+00
   4.825662865778e+00
   4.850666300316e+00
   4.875669734854e+00
   4.900673169391e+00
   4.925676603929e+00
   4.950680038467e+00
   4.975683473005e+00
   5.000686907542e+00
   5.025690342080e+00
   5.050693776618e+00
   5.075697211155e+00
   5.100700645693e+00
   5.125704080231e+00
   5.150707514769e+00
   5.175710949306e+00
   5.200714383844e+00
   5.225717818382e+00
   5.250721252919e+00
   5.275724687457e+00
   5.300728121995e+00
   5.325731556532e+00
   5.350734991070e+00
   5.375738425608e+00
   5.400741860146e+00
   5.425745294683e+00
   5.450748729221e+00
   5.475752163759e+00
   5.500755598296e+00
   5.525759032834e+00
   5.550762467372e+00
   5.575765901910e+00
   5.600769336447e+00
   5.625772770985e+00
   5.650776205523e+00
   5.675779640060e+00
   5.700783074598e+00
   5.725786509136e+00
   5.750789943674e+00
   5.775793378211e+00
   5.800796812749e+00
   5.825800247287e+00
   5.850803681824e+00
   5.875807116362e+00
   5.900810550900e+00
   5.925813985438e+00
   5.950817419975e+00
   5.975820854513e+00
   6.000824289051e+00
   6.025827723588e+00
   6.050831158126e+00
   6.075834592664e+00
   6.100838027202e+00
   6.125841461739e+00
   6.150844896277e+00
   6.175848330815e+00
   6.200851765352e+00
   6.225855199890e+00
   6.250858634428e+00
   6.275862068966e+00
