ARMA_MAT_TXT_FN008
200 1
   4.224137931034e-02
   8.448275862069e-02
   1.267241379310e-01
   1.689655172414e-01
   2.112068965517e-01
   2.534482758621e-01
   2.956896551724e-01
   3.379310344828e-01
   3.801724137931e-01
   4.224137931034e-01
   4.646551724138e-01
   5.068965517241e-01
   5.491379310345e-01
   5.913793103448e-01
   6.336206896552e-01
   6.758620689655e-01
   7.181034482759e-01
   7.603448275862e-01
   8.025862068966e-01
   8.448275862069e-01
   8.870689655172e-01
   9.293103448276e-01
   9.715517241379e-01
   1.013793103448e+00
   1.056034482759e+00
   1.098275862069e+00
   1.140517241379e+00
   1.182758620690e+00
   1.225000000000e+00
   1.267241379310e+00
   1.309482758621e+00
   1.351724137931e+00
   1.393965517241e+00
   1.436206896552e+00
   1.478448275862e+00
   1.520689655172e+00
   1.562931034483e+00
   1.605172413793e+00
   1.647413793103e+00
   1.689655172414e+00
   1.731896551724e+00
   1.774137931034e+00
   1.816379310345e+00
   1.858620689655e+00
   1.900862068966e+00
   1.943103448276e+00
   1.985344827586e+00
   2.027586206897e+00
   2.069827586207e+00
   2.112068965517e+00
   2.154310344828e+00
   2.196551724138e+00
   2.238793103448e+00
   2.281034482759e+00
   2.323275862069e+00
   2.365517241379e+00
   2.407758620690e+00
   2.450000000000e+00
   2.492241379310e+00
   2.534482758621e+00
   2.576724137931e+00
   2.618965517241e+00
   2.661206896552e+00
   2.703448275862e+00
   2.745689655172e+00
   2.787931034483e+00
   2.830172413793e+00
   2.872413793103e+00
   2.914655172414e+00
   2.956896551724e+00
   2.999137931034e+00
   3.041379310345e+00
   3.083620689655e+00
   3.125862068966e+00
   3.168103448276e+00
   3.210344827586e+00
   3.252586206897e+00
   3.294827586207e+00
   3.337068965517e+00
   3.379310344828e+00
   3.421551724138e+00
   3.463793103448e+00
   3.506034482759e+00
   3.548275862069e+00
   3.590517241379e+00
   3.632758620690e+00
   3.675000000000e+00
   3.717241379310e+00
   3.759482758621e+00
   3.801724137931e+00
   3.843965517241e+00
   3.886206896552e+00
   3.928448275862e+00
   3.970689655172e+00
   4.012931034483e+00
   4.055172413793e+00
   4.097413793103e+00
   4.139655172414e+00
   4.181896551724e+00
   4.224137931034e+00
   4.266379310345e+00
   4.308620689655e+00
   4.350862068966e+00
   4.393103448276e+00
   4.435344827586e+00
   4.477586206897e+00
   4.519827586207e+00
   4.562068965517e+00
   4.604310344828e+00
   4.646551724138e+00
   4.688793103448e+00
   4.731034482759e+00
   4.773275862069e+00
   4.815517241379e+00
   4.857758620690e+00
   4.900000000000e+00
   4.942241379310e+00
   4.984482758621e+00
   5.026724137931e+00
   5.068965517241e+00
   5.111206896552e+00
   5.153448275862e+00
   5.195689655172e+00
   5.237931034483e+00
   5.280172413793e+00
   5.322413793103e+00
   5.364655172414e+00
   5.406896551724e+00
   5.449137931034e+00
   5.491379310345e+00
   5.533620689655e+00
   5.575862068966e+00
   5.618103448276e+00
   5.660344827586e+00
   5.702586206897e+00
   5.744827586207e+00
   5.787068965517e+00
   5.829310344828e+00
   5.871551724138e+00
   5.913793103448e+00
   5.956034482759e+00
   5.998275862069e+00
   6.040517241379e+00
   6.082758620690e+00
   6.125000000000e+00
   6.167241379310e+00
   6.209482758621e+00
   6.251724137931e+00
   6.293965517241e+00
   6.336206896552e+00
   6.378448275862e+00
   6.420689655172e+00
   6.462931034483e+00
   6.505172413793e+00
   6.547413793103e+00
   6.589655172414e+00
   6.631896551724e+00
   6.674137931034e+00
   6.716379310345e+00
   6.758620689655e+00
   6.800862068966e+00
   6.843103448276e+00
   6.885344827586e+00
   6.927586206897e+00
   6.969827586207e+00
   7.012068965517e+00
   7.054310344828e+00
   7.096551724138e+00
   7.138793103448e+00
   7.181034482759e+00
   7.223275862069e+00
   7.265517241379e+00
   7.307758620690e+00
   7.350000000000e+00
   7.392241379310e+00
   7.434482758621e+00
   7.476724137931e+00
   7.518965517241e+00
   7.561206896552e+00
   7.603448275862e+00
   7.645689655172e+00
   7.687931034483e+00
   7.730172413793e+00
   7.772413793103e+00
   7.814655172414e+00
   7.856896551724e+00
   7.899137931034e+00
   7.941379310345e+00
   7.983620689655e+00
   8.025862068966e+00
   8.068103448276e+00
   8.110344827586e+00
   8.152586206897e+00
   8.194827586207e+00
   8.237068965517e+00
   8.279310344828e+00
   8.321551724138e+00
   8.363793103448e+00
   8.406034482759e+00
   8.448275862069e+00
