ARMA_MAT_TXT_FN008
213 1
   2.509308725919e-02
   5.018617451837e-02
   7.527926177756e-02
   1.003723490367e-01
   1.254654362959e-01
   1.505585235551e-01
   1.756516108143e-01
   2.007446980735e-01
   2.258377853327e-01
   2.509308725919e-01
   2.760239598511e-01
   3.011170471102e-01
   3.262101343694e-01
   3.513032216286e-01
   3.763963088878e-01
   4.014893961470e-01
   4.265824834062e-01
   4.516755706654e-01
   4.767686579246e-01
   5.018617451837e-01
   5.269548324429e-01
   5.520479197021e-01
   5.771410069613e-01
   6.022340942205e-01
   6.273271814797e-01
   6.524202687389e-01
   6.775133559981e-01
   7.026064432572e-01
   7.276995305164e-01
   7.527926177756e-01
   7.778857050348e-01
   8.029787922940e-01
   8.280718795532e-01
   8.531649668124e-01
   8.782580540716e-01
   9.033511413307e-01
   9.284442285899e-01
   9.535373158491e-01
   9.786304031083e-01
   1.003723490367e+00
   1.028816577627e+00
   1.053909664886e+00
   1.079002752145e+00
   1.104095839404e+00
   1.129188926663e+00
   1.154282013923e+00
   1.179375101182e+00
   1.204468188441e+00
   1.229561275700e+00
   1.254654362959e+00
   1.279747450219e+00
   1.304840537478e+00
   1.329933624737e+00
   1.355026711996e+00
   1.380119799255e+00
   1.405212886514e+00
   1.430305973774e+00
   1.455399061033e+00
   1.480492148292e+00
   1.505585235551e+00
   1.530678322810e+00
   1.555771410070e+00
   1.580864497329e+00
   1.605957584588e+00
   1.631050671847e+00
   1.656143759106e+00
   1.681236846366e+00
   1.706329933625e+00
   1.731423020884e+00
   1.756516108143e+00
   1.781609195402e+00
   1.806702282661e+00
   1.831795369921e+00
   1.856888457180e+00
   1.881981544439e+00
   1.907074631698e+00
   1.932167718957e+00
   1.957260806217e+00
   1.982353893476e+00
   2.007446980735e+00
   2.032540067994e+00
   2.057633155253e+00
   2.082726242513e+00
   2.107819329772e+00
   2.132912417031e+00
   2.158005504290e+00
   2.183098591549e+00
   2.208191678808e+00
   2.233284766068e+00
   2.258377853327e+00
   2.283470940586e+00
   2.308564027845e+00
   2.333657115104e+00
   2.358750202364e+00
   2.383843289623e+00
   2.408936376882e+00
   2.434029464141e+00
   2.459122551400e+00
   2.484215638660e+00
   2.509308725919e+00
   2.534401813178e+00
   2.559494900437e+00
   2.584587987696e+00
   2.609681074955e+00
   2.634774162215e+00
   2.659867249474e+00
   2.684960336733e+00
   2.710053423992e+00
   2.735146511251e+00
   2.760239598511e+00
   2.785332685770e+00
   2.810425773029e+00
   2.835518860288e+00
   2.860611947547e+00
   2.885705034807e+00
   2.910798122066e+00
   2.935891209325e+00
   2.960984296584e+00
   2.986077383843e+00
   3.011170471102e+00
   3.036263558362e+00
   3.061356645621e+00
   3.086449732880e+00
   3.111542820139e+00
   3.136635907398e+00
   3.161728994658e+00
   3.186822081917e+00
   3.211915169176e+00
   3.237008256435e+00
   3.262101343694e+00
   3.287194430954e+00
   3.312287518213e+00
   3.337380605472e+00
   3.362473692731e+00
   3.387566779990e+00
   3.412659867249e+00
   3.437752954509e+00
   3.462846041768e+00
   3.487939129027e+00
   3.513032216286e+00
   3.538125303545e+00
   3.563218390805e+00
   3.588311478064e+00
   3.613404565323e+00
   3.638497652582e+00
   3.663590739841e+00
   3.688683827101e+00
   3.713776914360e+00
   3.738870001619e+00
   3.763963088878e+00
   3.789056176137e+00
   3.814149263396e+00
   3.839242350656e+00
   3.864335437915e+00
   3.889428525174e+00
   3.914521612433e+00
   3.939614699692e+00
   3.964707786952e+00
   3.989800874211e+00
   4.014893961470e+00
   4.039987048729e+00
   4.065080135988e+00
   4.090173223248e+00
   4.115266310507e+00
   4.140359397766e+00
   4.165452485025e+00
   4.190545572284e+00
   4.215638659543e+00
   4.240731746803e+00
   4.265824834062e+00
   4.290917921321e+00
   4.316011008580e+00
   4.341104095839e+00
   4.366197183099e+00
   4.391290270358e+00
   4.416383357617e+00
   4.441476444876e+00
   4.466569532135e+00
   4.491662619395e+00
   4.516755706654e+00
   4.541848793913e+00
   4.566941881172e+00
   4.592034968431e+00
   4.617128055690e+00
   4.642221142950e+00
   4.667314230209e+00
   4.692407317468e+00
   4.717500404727e+00
   4.742593491986e+00
   4.767686579246e+00
   4.792779666505e+00
   4.817872753764e+00
   4.842965841023e+00
   4.868058928282e+00
   4.893152015542e+00
   4.918245102801e+00
   4.943338190060e+00
   4.968431277319e+00
   4.993524364578e+00
   5.018617451837e+00
   5.043710539097e+00
   5.068803626356e+00
   5.093896713615e+00
   5.118989800874e+00
   5.144082888133e+00
   5.169175975393e+00
   5.194269062652e+00
   5.219362149911e+00
   5.244455237170e+00
   5.269548324429e+00
   5.294641411689e+00
   5.319734498948e+00
   5.344827586207e+00
