ARMA_MAT_TXT_FN008
330 1
   1.515151515152e-02
   3.030303030303e-02
   4.545454545455e-02
   6.060606060606e-02
   7.575757575758e-02
   9.090909090909e-02
   1.060606060606e-01
   1.212121212121e-01
   1.363636363636e-01
   1.515151515152e-01
   1.666666666667e-01
   1.818181818182e-01
   1.969696969697e-01
   2.121212121212e-01
   2.272727272727e-01
   2.424242424242e-01
   2.575757575758e-01
   2.727272727273e-01
   2.878787878788e-01
   3.030303030303e-01
   3.181818181818e-01
   3.333333333333e-01
   3.484848484848e-01
   3.636363636364e-01
   3.787878787879e-01
   3.939393939394e-01
   4.090909090909e-01
   4.242424242424e-01
   4.393939393939e-01
   4.545454545455e-01
   4.696969696970e-01
   4.848484848485e-01
   5.000000000000e-01
   5.151515151515e-01
   5.303030303030e-01
   5.454545454545e-01
   5.606060606061e-01
   5.757575757576e-01
   5.909090909091e-01
   6.060606060606e-01
   6.212121212121e-01
   6.363636363636e-01
   6.515151515152e-01
   6.666666666667e-01
   6.818181818182e-01
   6.969696969697e-01
   7.121212121212e-01
   7.272727272727e-01
   7.424242424242e-01
   7.575757575758e-01
   7.727272727273e-01
   7.878787878788e-01
   8.030303030303e-01
   8.181818181818e-01
   8.333333333333e-01
   8.484848484848e-01
   8.636363636364e-01
   8.787878787879e-01
   8.939393939394e-01
   9.090909090909e-01
   9.242424242424e-01
   9.393939393939e-01
   9.545454545455e-01
   9.696969696970e-01
   9.848484848485e-01
   1.000000000000e+00
   1.015151515152e+00
   1.030303030303e+00
   1.045454545455e+00
   1.060606060606e+00
   1.075757575758e+00
   1.090909090909e+00
   1.106060606061e+00
   1.121212121212e+00
   1.136363636364e+00
   1.151515151515e+00
   1.166666666667e+00
   1.181818181818e+00
   1.196969696970e+00
   1.212121212121e+00
   1.227272727273e+00
   1.242424242424e+00
   1.257575757576e+00
   1.272727272727e+00
   1.287878787879e+00
   1.303030303030e+00
   1.318181818182e+00
   1.333333333333e+00
   1.348484848485e+00
   1.363636363636e+00
   1.378787878788e+00
   1.393939393939e+00
   1.409090909091e+00
   1.424242424242e+00
   1.439393939394e+00
   1.454545454545e+00
   1.469696969697e+00
   1.484848484848e+00
   1.500000000000e+00
   1.515151515152e+00
   1.530303030303e+00
   1.545454545455e+00
   1.560606060606e+00
   1.575757575758e+00
   1.590909090909e+00
   1.606060606061e+00
   1.621212121212e+00
   1.636363636364e+00
   1.651515151515e+00
   1.666666666667e+00
   1.681818181818e+00
   1.696969696970e+00
   1.712121212121e+00
   1.727272727273e+00
   1.742424242424e+00
   1.757575757576e+00
   1.772727272727e+00
   1.787878787879e+00
   1.803030303030e+00
   1.818181818182e+00
   1.833333333333e+00
   1.848484848485e+00
   1.863636363636e+00
   1.878787878788e+00
   1.893939393939e+00
   1.909090909091e+00
   1.924242424242e+00
   1.939393939394e+00
   1.954545454545e+00
   1.969696969697e+00
   1.984848484848e+00
   2.000000000000e+00
   2.015151515152e+00
   2.030303030303e+00
   2.045454545455e+00
   2.060606060606e+00
   2.075757575758e+00
   2.090909090909e+00
   2.106060606061e+00
   2.121212121212e+00
   2.136363636364e+00
   2.151515151515e+00
   2.166666666667e+00
   2.181818181818e+00
   2.196969696970e+00
   2.212121212121e+00
   2.227272727273e+00
   2.242424242424e+00
   2.257575757576e+00
   2.272727272727e+00
   2.287878787879e+00
   2.303030303030e+00
   2.318181818182e+00
   2.333333333333e+00
   2.348484848485e+00
   2.363636363636e+00
   2.378787878788e+00
   2.393939393939e+00
   2.409090909091e+00
   2.424242424242e+00
   2.439393939394e+00
   2.454545454545e+00
   2.469696969697e+00
   2.484848484848e+00
   2.500000000000e+00
   2.515151515152e+00
   2.530303030303e+00
   2.545454545455e+00
   2.560606060606e+00
   2.575757575758e+00
   2.590909090909e+00
   2.606060606061e+00
   2.621212121212e+00
   2.636363636364e+00
   2.651515151515e+00
   2.666666666667e+00
   2.681818181818e+00
   2.696969696970e+00
   2.712121212121e+00
   2.727272727273e+00
   2.742424242424e+00
   2.757575757576e+00
   2.772727272727e+00
   2.787878787879e+00
   2.803030303030e+00
   2.818181818182e+00
   2.833333333333e+00
   2.848484848485e+00
   2.863636363636e+00
   2.878787878788e+00
   2.893939393939e+00
   2.909090909091e+00
   2.924242424242e+00
   2.939393939394e+00
   2.954545454545e+00
   2.969696969697e+00
   2.984848484848e+00
   3.000000000000e+00
   3.015151515152e+00
   3.030303030303e+00
   3.045454545455e+00
   3.060606060606e+00
   3.075757575758e+00
   3.090909090909e+00
   3.106060606061e+00
   3.121212121212e+00
   3.136363636364e+00
   3.151515151515e+00
   3.166666666667e+00
   3.181818181818e+00
   3.196969696970e+00
   3.212121212121e+00
   3.227272727273e+00
   3.242424242424e+00
   3.257575757576e+00
   3.272727272727e+00
   3.287878787879e+00
   3.303030303030e+00
   3.318181818182e+00
   3.333333333333e+00
   3.348484848485e+00
   3.363636363636e+00
   3.378787878788e+00
   3.393939393939e+00
   3.409090909091e+00
   3.424242424242e+00
   3.439393939394e+00
   3.454545454545e+00
   3.469696969697e+00
   3.484848484848e+00
   3.500000000000e+00
   3.515151515152e+00
   3.530303030303e+00
   3.545454545455e+00
   3.560606060606e+00
   3.575757575758e+00
   3.590909090909e+00
   3.606060606061e+00
   3.621212121212e+00
   3.636363636364e+00
   3.651515151515e+00
   3.666666666667e+00
   3.681818181818e+00
   3.696969696970e+00
   3.712121212121e+00
   3.727272727273e+00
   3.742424242424e+00
   3.757575757576e+00
   3.772727272727e+00
   3.787878787879e+00
   3.803030303030e+00
   3.818181818182e+00
   3.833333333333e+00
   3.848484848485e+00
   3.863636363636e+00
   3.878787878788e+00
   3.893939393939e+00
   3.909090909091e+00
   3.924242424242e+00
   3.939393939394e+00
   3.954545454545e+00
   3.969696969697e+00
   3.984848484848e+00
   4.000000000000e+00
   4.015151515152e+00
   4.030303030303e+00
   4.045454545455e+00
   4.060606060606e+00
   4.075757575758e+00
   4.090909090909e+00
   4.106060606061e+00
   4.121212121212e+00
   4.136363636364e+00
   4.151515151515e+00
   4.166666666667e+00
   4.181818181818e+00
   4.196969696970e+00
   4.212121212121e+00
   4.227272727273e+00
   4.242424242424e+00
   4.257575757576e+00
   4.272727272727e+00
   4.287878787879e+00
   4.303030303030e+00
   4.318181818182e+00
   4.333333333333e+00
   4.348484848485e+00
   4.363636363636e+00
   4.378787878788e+00
   4.393939393939e+00
   4.409090909091e+00
   4.424242424242e+00
   4.439393939394e+00
   4.454545454545e+00
   4.469696969697e+00
   4.484848484848e+00
   4.500000000000e+00
   4.515151515152e+00
   4.530303030303e+00
   4.545454545455e+00
   4.560606060606e+00
   4.575757575758e+00
   4.590909090909e+00
   4.606060606061e+00
   4.621212121212e+00
   4.636363636364e+00
   4.651515151515e+00
   4.666666666667e+00
   4.681818181818e+00
   4.696969696970e+00
   4.712121212121e+00
   4.727272727273e+00
   4.742424242424e+00
   4.757575757576e+00
   4.772727272727e+00
   4.787878787879e+00
   4.803030303030e+00
   4.818181818182e+00
   4.833333333333e+00
   4.848484848485e+00
   4.863636363636e+00
   4.878787878788e+00
   4.893939393939e+00
   4.909090909091e+00
   4.924242424242e+00
   4.939393939394e+00
   4.954545454545e+00
   4.969696969697e+00
   4.984848484848e+00
   5.000000000000e+00
