ARMA_MAT_TXT_FN008
200 1
   1.896551724138e-02
   3.793103448276e-02
   5.689655172414e-02
   7.586206896552e-02
   9.482758620690e-02
   1.137931034483e-01
   1.327586206897e-01
   1.517241379310e-01
   1.706896551724e-01
   1.896551724138e-01
   2.086206896552e-01
   2.275862068966e-01
   2.465517241379e-01
   2.655172413793e-01
   2.844827586207e-01
   3.034482758621e-01
   3.224137931034e-01
   3.413793103448e-01
   3.603448275862e-01
   3.793103448276e-01
   3.982758620690e-01
   4.172413793103e-01
   4.362068965517e-01
   4.551724137931e-01
   4.741379310345e-01
   4.931034482759e-01
   5.120689655172e-01
   5.310344827586e-01
   5.500000000000e-01
   5.689655172414e-01
   5.879310344828e-01
   6.068965517241e-01
   6.258620689655e-01
   6.448275862069e-01
   6.637931034483e-01
   6.827586206897e-01
   7.017241379310e-01
   7.206896551724e-01
   7.396551724138e-01
   7.586206896552e-01
   7.775862068966e-01
   7.965517241379e-01
   8.155172413793e-01
   8.344827586207e-01
   8.534482758621e-01
   8.724137931034e-01
   8.913793103448e-01
   9.103448275862e-01
   9.293103448276e-01
   9.482758620690e-01
   9.672413793103e-01
   9.862068965517e-01
   1.005172413793e+00
   1.024137931034e+00
   1.043103448276e+00
   1.062068965517e+00
   1.081034482759e+00
   1.100000000000e+00
   1.118965517241e+00
   1.137931034483e+00
   1.156896551724e+00
   1.175862068966e+00
   1.194827586207e+00
   1.213793103448e+00
   1.232758620690e+00
   1.251724137931e+00
   1.270689655172e+00
   1.289655172414e+00
   1.308620689655e+00
   1.327586206897e+00
   1.346551724138e+00
   1.365517241379e+00
   1.384482758621e+00
   1.403448275862e+00
   1.422413793103e+00
   1.441379310345e+00
   1.460344827586e+00
   1.479310344828e+00
   1.498275862069e+00
   1.517241379310e+00
   1.536206896552e+00
   1.555172413793e+00
   1.574137931034e+00
   1.593103448276e+00
   1.612068965517e+00
   1.631034482759e+00
   1.650000000000e+00
   1.668965517241e+00
   1.687931034483e+00
   1.706896551724e+00
   1.725862068966e+00
   1.744827586207e+00
   1.763793103448e+00
   1.782758620690e+00
   1.801724137931e+00
   1.820689655172e+00
   1.839655172414e+00
   1.858620689655e+00
   1.877586206897e+00
   1.896551724138e+00
   1.915517241379e+00
   1.934482758621e+00
   1.953448275862e+00
   1.972413793103e+00
   1.991379310345e+00
   2.010344827586e+00
   2.029310344828e+00
   2.048275862069e+00
   2.067241379310e+00
   2.086206896552e+00
   2.105172413793e+00
   2.124137931034e+00
   2.143103448276e+00
   2.162068965517e+00
   2.181034482759e+00
   2.200000000000e+00
   2.218965517241e+00
   2.237931034483e+00
   2.256896551724e+00
   2.275862068966e+00
   2.294827586207e+00
   2.313793103448e+00
   2.332758620690e+00
   2.351724137931e+00
   2.370689655172e+00
   2.389655172414e+00
   2.408620689655e+00
   2.427586206897e+00
   2.446551724138e+00
   2.465517241379e+00
   2.484482758621e+00
   2.503448275862e+00
   2.522413793103e+00
   2.541379310345e+00
   2.560344827586e+00
   2.579310344828e+00
   2.598275862069e+00
   2.617241379310e+00
   2.636206896552e+00
   2.655172413793e+00
   2.674137931034e+00
   2.693103448276e+00
   2.712068965517e+00
   2.731034482759e+00
   2.750000000000e+00
   2.768965517241e+00
   2.787931034483e+00
   2.806896551724e+00
   2.825862068966e+00
   2.844827586207e+00
   2.863793103448e+00
   2.882758620690e+00
   2.901724137931e+00
   2.920689655172e+00
   2.939655172414e+00
   2.958620689655e+00
   2.977586206897e+00
   2.996551724138e+00
   3.015517241379e+00
   3.034482758621e+00
   3.053448275862e+00
   3.072413793103e+00
   3.091379310345e+00
   3.110344827586e+00
   3.129310344828e+00
   3.148275862069e+00
   3.167241379310e+00
   3.186206896552e+00
   3.205172413793e+00
   3.224137931034e+00
   3.243103448276e+00
   3.262068965517e+00
   3.281034482759e+00
   3.300000000000e+00
   3.318965517241e+00
   3.337931034483e+00
   3.356896551724e+00
   3.375862068966e+00
   3.394827586207e+00
   3.413793103448e+00
   3.432758620690e+00
   3.451724137931e+00
   3.470689655172e+00
   3.489655172414e+00
   3.508620689655e+00
   3.527586206897e+00
   3.546551724138e+00
   3.565517241379e+00
   3.584482758621e+00
   3.603448275862e+00
   3.622413793103e+00
   3.641379310345e+00
   3.660344827586e+00
   3.679310344828e+00
   3.698275862069e+00
   3.717241379310e+00
   3.736206896552e+00
   3.755172413793e+00
   3.774137931034e+00
   3.793103448276e+00
