ARMA_MAT_TXT_FN008
200 1
   2.517241379310e-02
   5.034482758621e-02
   7.551724137931e-02
   1.006896551724e-01
   1.258620689655e-01
   1.510344827586e-01
   1.762068965517e-01
   2.013793103448e-01
   2.265517241379e-01
   2.517241379310e-01
   2.768965517241e-01
   3.020689655172e-01
   3.272413793103e-01
   3.524137931034e-01
   3.775862068966e-01
   4.027586206897e-01
   4.279310344828e-01
   4.531034482759e-01
   4.782758620690e-01
   5.034482758621e-01
   5.286206896552e-01
   5.537931034483e-01
   5.789655172414e-01
   6.041379310345e-01
   6.293103448276e-01
   6.544827586207e-01
   6.796551724138e-01
   7.048275862069e-01
   7.300000000000e-01
   7.551724137931e-01
   7.803448275862e-01
   8.055172413793e-01
   8.306896551724e-01
   8.558620689655e-01
   8.810344827586e-01
   9.062068965517e-01
   9.313793103448e-01
   9.565517241379e-01
   9.817241379310e-01
   1.006896551724e+00
   1.032068965517e+00
   1.057241379310e+00
   1.082413793103e+00
   1.107586206897e+00
   1.132758620690e+00
   1.157931034483e+00
   1.183103448276e+00
   1.208275862069e+00
   1.233448275862e+00
   1.258620689655e+00
   1.283793103448e+00
   1.308965517241e+00
   1.334137931034e+00
   1.359310344828e+00
   1.384482758621e+00
   1.409655172414e+00
   1.434827586207e+00
   1.460000000000e+00
   1.485172413793e+00
   1.510344827586e+00
   1.535517241379e+00
   1.560689655172e+00
   1.585862068966e+00
   1.611034482759e+00
   1.636206896552e+00
   1.661379310345e+00
   1.686551724138e+00
   1.711724137931e+00
   1.736896551724e+00
   1.762068965517e+00
   1.787241379310e+00
   1.812413793103e+00
   1.837586206897e+00
   1.862758620690e+00
   1.887931034483e+00
   1.913103448276e+00
   1.938275862069e+00
   1.963448275862e+00
   1.988620689655e+00
   2.013793103448e+00
   2.038965517241e+00
   2.064137931034e+00
   2.089310344828e+00
   2.114482758621e+00
   2.139655172414e+00
   2.164827586207e+00
   2.190000000000e+00
   2.215172413793e+00
   2.240344827586e+00
   2.265517241379e+00
   2.290689655172e+00
   2.315862068966e+00
   2.341034482759e+00
   2.366206896552e+00
   2.391379310345e+00
   2.416551724138e+00
   2.441724137931e+00
   2.466896551724e+00
   2.492068965517e+00
   2.517241379310e+00
   2.542413793103e+00
   2.567586206897e+00
   2.592758620690e+00
   2.617931034483e+00
   2.643103448276e+00
   2.668275862069e+00
   2.693448275862e+00
   2.718620689655e+00
   2.743793103448e+00
   2.768965517241e+00
   2.794137931034e+00
   2.819310344828e+00
   2.844482758621e+00
   2.869655172414e+00
   2.894827586207e+00
   2.920000000000e+00
   2.945172413793e+00
   2.970344827586e+00
   2.995517241379e+00
   3.020689655172e+00
   3.045862068966e+00
   3.071034482759e+00
   3.096206896552e+00
   3.121379310345e+00
   3.146551724138e+00
   3.171724137931e+00
   3.196896551724e+00
   3.222068965517e+00
   3.247241379310e+00
   3.272413793103e+00
   3.297586206897e+00
   3.322758620690e+00
   3.347931034483e+00
   3.373103448276e+00
   3.398275862069e+00
   3.423448275862e+00
   3.448620689655e+00
   3.473793103448e+00
   3.498965517241e+00
   3.524137931034e+00
   3.549310344828e+00
   3.574482758621e+00
   3.599655172414e+00
   3.624827586207e+00
   3.650000000000e+00
   3.675172413793e+00
   3.700344827586e+00
   3.725517241379e+00
   3.750689655172e+00
   3.775862068966e+00
   3.801034482759e+00
   3.826206896552e+00
   3.851379310345e+00
   3.876551724138e+00
   3.901724137931e+00
   3.926896551724e+00
   3.952068965517e+00
   3.977241379310e+00
   4.002413793103e+00
   4.027586206897e+00
   4.052758620690e+00
   4.077931034483e+00
   4.103103448276e+00
   4.128275862069e+00
   4.153448275862e+00
   4.178620689655e+00
   4.203793103448e+00
   4.228965517241e+00
   4.254137931034e+00
   4.279310344828e+00
   4.304482758621e+00
   4.329655172414e+00
   4.354827586207e+00
   4.380000000000e+00
   4.405172413793e+00
   4.430344827586e+00
   4.455517241379e+00
   4.480689655172e+00
   4.505862068966e+00
   4.531034482759e+00
   4.556206896552e+00
   4.581379310345e+00
   4.606551724138e+00
   4.631724137931e+00
   4.656896551724e+00
   4.682068965517e+00
   4.707241379310e+00
   4.732413793103e+00
   4.757586206897e+00
   4.782758620690e+00
   4.807931034483e+00
   4.833103448276e+00
   4.858275862069e+00
   4.883448275862e+00
   4.908620689655e+00
   4.933793103448e+00
   4.958965517241e+00
   4.984137931034e+00
   5.009310344828e+00
   5.034482758621e+00
