ARMA_MAT_TXT_FN008
280 1
   2.573891625616e-02
   5.147783251232e-02
   7.721674876847e-02
   1.029556650246e-01
   1.286945812808e-01
   1.544334975369e-01
   1.801724137931e-01
   2.059113300493e-01
   2.316502463054e-01
   2.573891625616e-01
   2.831280788177e-01
   3.088669950739e-01
   3.346059113300e-01
   3.603448275862e-01
   3.860837438424e-01
   4.118226600985e-01
   4.375615763547e-01
   4.633004926108e-01
   4.890394088670e-01
   5.147783251232e-01
   5.405172413793e-01
   5.662561576355e-01
   5.919950738916e-01
   6.177339901478e-01
   6.434729064039e-01
   6.692118226601e-01
   6.949507389163e-01
   7.206896551724e-01
   7.464285714286e-01
   7.721674876847e-01
   7.979064039409e-01
   8.236453201970e-01
   8.493842364532e-01
   8.751231527094e-01
   9.008620689655e-01
   9.266009852217e-01
   9.523399014778e-01
   9.780788177340e-01
   1.003817733990e+00
   1.029556650246e+00
   1.055295566502e+00
   1.081034482759e+00
   1.106773399015e+00
   1.132512315271e+00
   1.158251231527e+00
   1.183990147783e+00
   1.209729064039e+00
   1.235467980296e+00
   1.261206896552e+00
   1.286945812808e+00
   1.312684729064e+00
   1.338423645320e+00
   1.364162561576e+00
   1.389901477833e+00
   1.415640394089e+00
   1.441379310345e+00
   1.467118226601e+00
   1.492857142857e+00
   1.518596059113e+00
   1.544334975369e+00
   1.570073891626e+00
   1.595812807882e+00
   1.621551724138e+00
   1.647290640394e+00
   1.673029556650e+00
   1.698768472906e+00
   1.724507389163e+00
   1.750246305419e+00
   1.775985221675e+00
   1.801724137931e+00
   1.827463054187e+00
   1.853201970443e+00
   1.878940886700e+00
   1.904679802956e+00
   1.930418719212e+00
   1.956157635468e+00
   1.981896551724e+00
   2.007635467980e+00
   2.033374384236e+00
   2.059113300493e+00
   2.084852216749e+00
   2.110591133005e+00
   2.136330049261e+00
   2.162068965517e+00
   2.187807881773e+00
   2.213546798030e+00
   2.239285714286e+00
   2.265024630542e+00
   2.290763546798e+00
   2.316502463054e+00
   2.342241379310e+00
   2.367980295567e+00
   2.393719211823e+00
   2.419458128079e+00
   2.445197044335e+00
   2.470935960591e+00
   2.496674876847e+00
   2.522413793103e+00
   2.548152709360e+00
   2.573891625616e+00
   2.599630541872e+00
   2.625369458128e+00
   2.651108374384e+00
   2.676847290640e+00
   2.702586206897e+00
   2.728325123153e+00
   2.754064039409e+00
   2.779802955665e+00
   2.805541871921e+00
   2.831280788177e+00
   2.857019704433e+00
   2.882758620690e+00
   2.908497536946e+00
   2.934236453202e+00
   2.959975369458e+00
   2.985714285714e+00
   3.011453201970e+00
   3.037192118227e+00
   3.062931034483e+00
   3.088669950739e+00
   3.114408866995e+00
   3.140147783251e+00
   3.165886699507e+00
   3.191625615764e+00
   3.217364532020e+00
   3.243103448276e+00
   3.268842364532e+00
   3.294581280788e+00
   3.320320197044e+00
   3.346059113300e+00
   3.371798029557e+00
   3.397536945813e+00
   3.423275862069e+00
   3.449014778325e+00
   3.474753694581e+00
   3.500492610837e+00
   3.526231527094e+00
   3.551970443350e+00
   3.577709359606e+00
   3.603448275862e+00
   3.629187192118e+00
   3.654926108374e+00
   3.680665024631e+00
   3.706403940887e+00
   3.732142857143e+00
   3.757881773399e+00
   3.783620689655e+00
   3.809359605911e+00
   3.835098522167e+00
   3.860837438424e+00
   3.886576354680e+00
   3.912315270936e+00
   3.938054187192e+00
   3.963793103448e+00
   3.989532019704e+00
   4.015270935961e+00
   4.041009852217e+00
   4.066748768473e+00
   4.092487684729e+00
   4.118226600985e+00
   4.143965517241e+00
   4.169704433498e+00
   4.195443349754e+00
   4.221182266010e+00
   4.246921182266e+00
   4.272660098522e+00
   4.298399014778e+00
   4.324137931034e+00
   4.349876847291e+00
   4.375615763547e+00
   4.401354679803e+00
   4.427093596059e+00
   4.452832512315e+00
   4.478571428571e+00
   4.504310344828e+00
   4.530049261084e+00
   4.555788177340e+00
   4.581527093596e+00
   4.607266009852e+00
   4.633004926108e+00
   4.658743842365e+00
   4.684482758621e+00
   4.710221674877e+00
   4.735960591133e+00
   4.761699507389e+00
   4.787438423645e+00
   4.813177339901e+00
   4.838916256158e+00
   4.864655172414e+00
   4.890394088670e+00
   4.916133004926e+00
   4.941871921182e+00
   4.967610837438e+00
   4.993349753695e+00
   5.019088669951e+00
   5.044827586207e+00
   5.070566502463e+00
   5.096305418719e+00
   5.122044334975e+00
   5.147783251232e+00
   5.173522167488e+00
   5.199261083744e+00
   5.225000000000e+00
   5.250738916256e+00
   5.276477832512e+00
   5.302216748768e+00
   5.327955665025e+00
   5.353694581281e+00
   5.379433497537e+00
   5.405172413793e+00
   5.430911330049e+00
   5.456650246305e+00
   5.482389162562e+00
   5.508128078818e+00
   5.533866995074e+00
   5.559605911330e+00
   5.585344827586e+00
   5.611083743842e+00
   5.636822660099e+00
   5.662561576355e+00
   5.688300492611e+00
   5.714039408867e+00
   5.739778325123e+00
   5.765517241379e+00
   5.791256157635e+00
   5.816995073892e+00
   5.842733990148e+00
   5.868472906404e+00
   5.894211822660e+00
   5.919950738916e+00
   5.945689655172e+00
   5.971428571429e+00
   5.997167487685e+00
   6.022906403941e+00
   6.048645320197e+00
   6.074384236453e+00
   6.100123152709e+00
   6.125862068966e+00
   6.151600985222e+00
   6.177339901478e+00
   6.203078817734e+00
   6.228817733990e+00
   6.254556650246e+00
   6.280295566502e+00
   6.306034482759e+00
   6.331773399015e+00
   6.357512315271e+00
   6.383251231527e+00
   6.408990147783e+00
   6.434729064039e+00
   6.460467980296e+00
   6.486206896552e+00
   6.511945812808e+00
   6.537684729064e+00
   6.563423645320e+00
   6.589162561576e+00
   6.614901477833e+00
   6.640640394089e+00
   6.666379310345e+00
   6.692118226601e+00
   6.717857142857e+00
   6.743596059113e+00
   6.769334975369e+00
   6.795073891626e+00
   6.820812807882e+00
   6.846551724138e+00
   6.872290640394e+00
   6.898029556650e+00
   6.923768472906e+00
   6.949507389163e+00
   6.975246305419e+00
   7.000985221675e+00
   7.026724137931e+00
   7.052463054187e+00
   7.078201970443e+00
   7.103940886700e+00
   7.129679802956e+00
   7.155418719212e+00
   7.181157635468e+00
   7.206896551724e+00
