ARMA_MAT_TXT_FN008
400 1
   1.250000000000e-02
   2.500000000000e-02
   3.750000000000e-02
   5.000000000000e-02
   6.250000000000e-02
   7.500000000000e-02
   8.750000000000e-02
   1.000000000000e-01
   1.125000000000e-01
   1.250000000000e-01
   1.375000000000e-01
   1.500000000000e-01
   1.625000000000e-01
   1.750000000000e-01
   1.875000000000e-01
   2.000000000000e-01
   2.125000000000e-01
   2.250000000000e-01
   2.375000000000e-01
   2.500000000000e-01
   2.625000000000e-01
   2.750000000000e-01
   2.875000000000e-01
   3.000000000000e-01
   3.125000000000e-01
   3.250000000000e-01
   3.375000000000e-01
   3.500000000000e-01
   3.625000000000e-01
   3.750000000000e-01
   3.875000000000e-01
   4.000000000000e-01
   4.125000000000e-01
   4.250000000000e-01
   4.375000000000e-01
   4.500000000000e-01
   4.625000000000e-01
   4.750000000000e-01
   4.875000000000e-01
   5.000000000000e-01
   5.125000000000e-01
   5.250000000000e-01
   5.375000000000e-01
   5.500000000000e-01
   5.625000000000e-01
   5.750000000000e-01
   5.875000000000e-01
   6.000000000000e-01
   6.125000000000e-01
   6.250000000000e-01
   6.375000000000e-01
   6.500000000000e-01
   6.625000000000e-01
   6.750000000000e-01
   6.875000000000e-01
   7.000000000000e-01
   7.125000000000e-01
   7.250000000000e-01
   7.375000000000e-01
   7.500000000000e-01
   7.625000000000e-01
   7.750000000000e-01
   7.875000000000e-01
   8.000000000000e-01
   8.125000000000e-01
   8.250000000000e-01
   8.375000000000e-01
   8.500000000000e-01
   8.625000000000e-01
   8.750000000000e-01
   8.875000000000e-01
   9.000000000000e-01
   9.125000000000e-01
   9.250000000000e-01
   9.375000000000e-01
   9.500000000000e-01
   9.625000000000e-01
   9.750000000000e-01
   9.875000000000e-01
   1.000000000000e+00
   1.012500000000e+00
   1.025000000000e+00
   1.037500000000e+00
   1.050000000000e+00
   1.062500000000e+00
   1.075000000000e+00
   1.087500000000e+00
   1.100000000000e+00
   1.112500000000e+00
   1.125000000000e+00
   1.137500000000e+00
   1.150000000000e+00
   1.162500000000e+00
   1.175000000000e+00
   1.187500000000e+00
   1.200000000000e+00
   1.212500000000e+00
   1.225000000000e+00
   1.237500000000e+00
   1.250000000000e+00
   1.262500000000e+00
   1.275000000000e+00
   1.287500000000e+00
   1.300000000000e+00
   1.312500000000e+00
   1.325000000000e+00
   1.337500000000e+00
   1.350000000000e+00
   1.362500000000e+00
   1.375000000000e+00
   1.387500000000e+00
   1.400000000000e+00
   1.412500000000e+00
   1.425000000000e+00
   1.437500000000e+00
   1.450000000000e+00
   1.462500000000e+00
   1.475000000000e+00
   1.487500000000e+00
   1.500000000000e+00
   1.512500000000e+00
   1.525000000000e+00
   1.537500000000e+00
   1.550000000000e+00
   1.562500000000e+00
   1.575000000000e+00
   1.587500000000e+00
   1.600000000000e+00
   1.612500000000e+00
   1.625000000000e+00
   1.637500000000e+00
   1.650000000000e+00
   1.662500000000e+00
   1.675000000000e+00
   1.687500000000e+00
   1.700000000000e+00
   1.712500000000e+00
   1.725000000000e+00
   1.737500000000e+00
   1.750000000000e+00
   1.762500000000e+00
   1.775000000000e+00
   1.787500000000e+00
   1.800000000000e+00
   1.812500000000e+00
   1.825000000000e+00
   1.837500000000e+00
   1.850000000000e+00
   1.862500000000e+00
   1.875000000000e+00
   1.887500000000e+00
   1.900000000000e+00
   1.912500000000e+00
   1.925000000000e+00
   1.937500000000e+00
   1.950000000000e+00
   1.962500000000e+00
   1.975000000000e+00
   1.987500000000e+00
   2.000000000000e+00
   2.012500000000e+00
   2.025000000000e+00
   2.037500000000e+00
   2.050000000000e+00
   2.062500000000e+00
   2.075000000000e+00
   2.087500000000e+00
   2.100000000000e+00
   2.112500000000e+00
   2.125000000000e+00
   2.137500000000e+00
   2.150000000000e+00
   2.162500000000e+00
   2.175000000000e+00
   2.187500000000e+00
   2.200000000000e+00
   2.212500000000e+00
   2.225000000000e+00
   2.237500000000e+00
   2.250000000000e+00
   2.262500000000e+00
   2.275000000000e+00
   2.287500000000e+00
   2.300000000000e+00
   2.312500000000e+00
   2.325000000000e+00
   2.337500000000e+00
   2.350000000000e+00
   2.362500000000e+00
   2.375000000000e+00
   2.387500000000e+00
   2.400000000000e+00
   2.412500000000e+00
   2.425000000000e+00
   2.437500000000e+00
   2.450000000000e+00
   2.462500000000e+00
   2.475000000000e+00
   2.487500000000e+00
   2.500000000000e+00
   2.512500000000e+00
   2.525000000000e+00
   2.537500000000e+00
   2.550000000000e+00
   2.562500000000e+00
   2.575000000000e+00
   2.587500000000e+00
   2.600000000000e+00
   2.612500000000e+00
   2.625000000000e+00
   2.637500000000e+00
   2.650000000000e+00
   2.662500000000e+00
   2.675000000000e+00
   2.687500000000e+00
   2.700000000000e+00
   2.712500000000e+00
   2.725000000000e+00
   2.737500000000e+00
   2.750000000000e+00
   2.762500000000e+00
   2.775000000000e+00
   2.787500000000e+00
   2.800000000000e+00
   2.812500000000e+00
   2.825000000000e+00
   2.837500000000e+00
   2.850000000000e+00
   2.862500000000e+00
   2.875000000000e+00
   2.887500000000e+00
   2.900000000000e+00
   2.912500000000e+00
   2.925000000000e+00
   2.937500000000e+00
   2.950000000000e+00
   2.962500000000e+00
   2.975000000000e+00
   2.987500000000e+00
   3.000000000000e+00
   3.012500000000e+00
   3.025000000000e+00
   3.037500000000e+00
   3.050000000000e+00
   3.062500000000e+00
   3.075000000000e+00
   3.087500000000e+00
   3.100000000000e+00
   3.112500000000e+00
   3.125000000000e+00
   3.137500000000e+00
   3.150000000000e+00
   3.162500000000e+00
   3.175000000000e+00
   3.187500000000e+00
   3.200000000000e+00
   3.212500000000e+00
   3.225000000000e+00
   3.237500000000e+00
   3.250000000000e+00
   3.262500000000e+00
   3.275000000000e+00
   3.287500000000e+00
   3.300000000000e+00
   3.312500000000e+00
   3.325000000000e+00
   3.337500000000e+00
   3.350000000000e+00
   3.362500000000e+00
   3.375000000000e+00
   3.387500000000e+00
   3.400000000000e+00
   3.412500000000e+00
   3.425000000000e+00
   3.437500000000e+00
   3.450000000000e+00
   3.462500000000e+00
   3.475000000000e+00
   3.487500000000e+00
   3.500000000000e+00
   3.512500000000e+00
   3.525000000000e+00
   3.537500000000e+00
   3.550000000000e+00
   3.562500000000e+00
   3.575000000000e+00
   3.587500000000e+00
   3.600000000000e+00
   3.612500000000e+00
   3.625000000000e+00
   3.637500000000e+00
   3.650000000000e+00
   3.662500000000e+00
   3.675000000000e+00
   3.687500000000e+00
   3.700000000000e+00
   3.712500000000e+00
   3.725000000000e+00
   3.737500000000e+00
   3.750000000000e+00
   3.762500000000e+00
   3.775000000000e+00
   3.787500000000e+00
   3.800000000000e+00
   3.812500000000e+00
   3.825000000000e+00
   3.837500000000e+00
   3.850000000000e+00
   3.862500000000e+00
   3.875000000000e+00
   3.887500000000e+00
   3.900000000000e+00
   3.912500000000e+00
   3.925000000000e+00
   3.937500000000e+00
   3.950000000000e+00
   3.962500000000e+00
   3.975000000000e+00
   3.987500000000e+00
   4.000000000000e+00
   4.012500000000e+00
   4.025000000000e+00
   4.037500000000e+00
   4.050000000000e+00
   4.062500000000e+00
   4.075000000000e+00
   4.087500000000e+00
   4.100000000000e+00
   4.112500000000e+00
   4.125000000000e+00
   4.137500000000e+00
   4.150000000000e+00
   4.162500000000e+00
   4.175000000000e+00
   4.187500000000e+00
   4.200000000000e+00
   4.212500000000e+00
   4.225000000000e+00
   4.237500000000e+00
   4.250000000000e+00
   4.262500000000e+00
   4.275000000000e+00
   4.287500000000e+00
   4.300000000000e+00
   4.312500000000e+00
   4.325000000000e+00
   4.337500000000e+00
   4.350000000000e+00
   4.362500000000e+00
   4.375000000000e+00
   4.387500000000e+00
   4.400000000000e+00
   4.412500000000e+00
   4.425000000000e+00
   4.437500000000e+00
   4.450000000000e+00
   4.462500000000e+00
   4.475000000000e+00
   4.487500000000e+00
   4.500000000000e+00
   4.512500000000e+00
   4.525000000000e+00
   4.537500000000e+00
   4.550000000000e+00
   4.562500000000e+00
   4.575000000000e+00
   4.587500000000e+00
   4.600000000000e+00
   4.612500000000e+00
   4.625000000000e+00
   4.637500000000e+00
   4.650000000000e+00
   4.662500000000e+00
   4.675000000000e+00
   4.687500000000e+00
   4.700000000000e+00
   4.712500000000e+00
   4.725000000000e+00
   4.737500000000e+00
   4.750000000000e+00
   4.762500000000e+00
   4.775000000000e+00
   4.787500000000e+00
   4.800000000000e+00
   4.812500000000e+00
   4.825000000000e+00
   4.837500000000e+00
   4.850000000000e+00
   4.862500000000e+00
   4.875000000000e+00
   4.887500000000e+00
   4.900000000000e+00
   4.912500000000e+00
   4.925000000000e+00
   4.937500000000e+00
   4.950000000000e+00
   4.962500000000e+00
   4.975000000000e+00
   4.987500000000e+00
   5.000000000000e+00
