ARMA_MAT_TXT_FN008
200 1
   2.362068965517e-02
   4.724137931034e-02
   7.086206896552e-02
   9.448275862069e-02
   1.181034482759e-01
   1.417241379310e-01
   1.653448275862e-01
   1.889655172414e-01
   2.125862068966e-01
   2.362068965517e-01
   2.598275862069e-01
   2.834482758621e-01
   3.070689655172e-01
   3.306896551724e-01
   3.543103448276e-01
   3.779310344828e-01
   4.015517241379e-01
   4.251724137931e-01
   4.487931034483e-01
   4.724137931034e-01
   4.960344827586e-01
   5.196551724138e-01
   5.432758620690e-01
   5.668965517241e-01
   5.905172413793e-01
   6.141379310345e-01
   6.377586206897e-01
   6.613793103448e-01
   6.850000000000e-01
   7.086206896552e-01
   7.322413793103e-01
   7.558620689655e-01
   7.794827586207e-01
   8.031034482759e-01
   8.267241379310e-01
   8.503448275862e-01
   8.739655172414e-01
   8.975862068966e-01
   9.212068965517e-01
   9.448275862069e-01
   9.684482758621e-01
   9.920689655172e-01
   1.015689655172e+00
   1.039310344828e+00
   1.062931034483e+00
   1.086551724138e+00
   1.110172413793e+00
   1.133793103448e+00
   1.157413793103e+00
   1.181034482759e+00
   1.204655172414e+00
   1.228275862069e+00
   1.251896551724e+00
   1.275517241379e+00
   1.299137931034e+00
   1.322758620690e+00
   1.346379310345e+00
   1.370000000000e+00
   1.393620689655e+00
   1.417241379310e+00
   1.440862068966e+00
   1.464482758621e+00
   1.488103448276e+00
   1.511724137931e+00
   1.535344827586e+00
   1.558965517241e+00
   1.582586206897e+00
   1.606206896552e+00
   1.629827586207e+00
   1.653448275862e+00
   1.677068965517e+00
   1.700689655172e+00
   1.724310344828e+00
   1.747931034483e+00
   1.771551724138e+00
   1.795172413793e+00
   1.818793103448e+00
   1.842413793103e+00
   1.866034482759e+00
   1.889655172414e+00
   1.913275862069e+00
   1.936896551724e+00
   1.960517241379e+00
   1.984137931034e+00
   2.007758620690e+00
   2.031379310345e+00
   2.055000000000e+00
   2.078620689655e+00
   2.102241379310e+00
   2.125862068966e+00
   2.149482758621e+00
   2.173103448276e+00
   2.196724137931e+00
   2.220344827586e+00
   2.243965517241e+00
   2.267586206897e+00
   2.291206896552e+00
   2.314827586207e+00
   2.338448275862e+00
   2.362068965517e+00
   2.385689655172e+00
   2.409310344828e+00
   2.432931034483e+00
   2.456551724138e+00
   2.480172413793e+00
   2.503793103448e+00
   2.527413793103e+00
   2.551034482759e+00
   2.574655172414e+00
   2.598275862069e+00
   2.621896551724e+00
   2.645517241379e+00
   2.669137931034e+00
   2.692758620690e+00
   2.716379310345e+00
   2.740000000000e+00
   2.763620689655e+00
   2.787241379310e+00
   2.810862068966e+00
   2.834482758621e+00
   2.858103448276e+00
   2.881724137931e+00
   2.905344827586e+00
   2.928965517241e+00
   2.952586206897e+00
   2.976206896552e+00
   2.999827586207e+00
   3.023448275862e+00
   3.047068965517e+00
   3.070689655172e+00
   3.094310344828e+00
   3.117931034483e+00
   3.141551724138e+00
   3.165172413793e+00
   3.188793103448e+00
   3.212413793103e+00
   3.236034482759e+00
   3.259655172414e+00
   3.283275862069e+00
   3.306896551724e+00
   3.330517241379e+00
   3.354137931034e+00
   3.377758620690e+00
   3.401379310345e+00
   3.425000000000e+00
   3.448620689655e+00
   3.472241379310e+00
   3.495862068966e+00
   3.519482758621e+00
   3.543103448276e+00
   3.566724137931e+00
   3.590344827586e+00
   3.613965517241e+00
   3.637586206897e+00
   3.661206896552e+00
   3.684827586207e+00
   3.708448275862e+00
   3.732068965517e+00
   3.755689655172e+00
   3.779310344828e+00
   3.802931034483e+00
   3.826551724138e+00
   3.850172413793e+00
   3.873793103448e+00
   3.897413793103e+00
   3.921034482759e+00
   3.944655172414e+00
   3.968275862069e+00
   3.991896551724e+00
   4.015517241379e+00
   4.039137931034e+00
   4.062758620690e+00
   4.086379310345e+00
   4.110000000000e+00
   4.133620689655e+00
   4.157241379310e+00
   4.180862068966e+00
   4.204482758621e+00
   4.228103448276e+00
   4.251724137931e+00
   4.275344827586e+00
   4.298965517241e+00
   4.322586206897e+00
   4.346206896552e+00
   4.369827586207e+00
   4.393448275862e+00
   4.417068965517e+00
   4.440689655172e+00
   4.464310344828e+00
   4.487931034483e+00
   4.511551724138e+00
   4.535172413793e+00
   4.558793103448e+00
   4.582413793103e+00
   4.606034482759e+00
   4.629655172414e+00
   4.653275862069e+00
   4.676896551724e+00
   4.700517241379e+00
   4.724137931034e+00
