ARMA_MAT_TXT_FN008
200 1
   4.068965517241e-02
   8.137931034483e-02
   1.220689655172e-01
   1.627586206897e-01
   2.034482758621e-01
   2.441379310345e-01
   2.848275862069e-01
   3.255172413793e-01
   3.662068965517e-01
   4.068965517241e-01
   4.475862068966e-01
   4.882758620690e-01
   5.289655172414e-01
   5.696551724138e-01
   6.103448275862e-01
   6.510344827586e-01
   6.917241379310e-01
   7.324137931034e-01
   7.731034482759e-01
   8.137931034483e-01
   8.544827586207e-01
   8.951724137931e-01
   9.358620689655e-01
   9.765517241379e-01
   1.017241379310e+00
   1.057931034483e+00
   1.098620689655e+00
   1.139310344828e+00
   1.180000000000e+00
   1.220689655172e+00
   1.261379310345e+00
   1.302068965517e+00
   1.342758620690e+00
   1.383448275862e+00
   1.424137931034e+00
   1.464827586207e+00
   1.505517241379e+00
   1.546206896552e+00
   1.586896551724e+00
   1.627586206897e+00
   1.668275862069e+00
   1.708965517241e+00
   1.749655172414e+00
   1.790344827586e+00
   1.831034482759e+00
   1.871724137931e+00
   1.912413793103e+00
   1.953103448276e+00
   1.993793103448e+00
   2.034482758621e+00
   2.075172413793e+00
   2.115862068966e+00
   2.156551724138e+00
   2.197241379310e+00
   2.237931034483e+00
   2.278620689655e+00
   2.319310344828e+00
   2.360000000000e+00
   2.400689655172e+00
   2.441379310345e+00
   2.482068965517e+00
   2.522758620690e+00
   2.563448275862e+00
   2.604137931034e+00
   2.644827586207e+00
   2.685517241379e+00
   2.726206896552e+00
   2.766896551724e+00
   2.807586206897e+00
   2.848275862069e+00
   2.888965517241e+00
   2.929655172414e+00
   2.970344827586e+00
   3.011034482759e+00
   3.051724137931e+00
   3.092413793103e+00
   3.133103448276e+00
   3.173793103448e+00
   3.214482758621e+00
   3.255172413793e+00
   3.295862068966e+00
   3.336551724138e+00
   3.377241379310e+00
   3.417931034483e+00
   3.458620689655e+00
   3.499310344828e+00
   3.540000000000e+00
   3.580689655172e+00
   3.621379310345e+00
   3.662068965517e+00
   3.702758620690e+00
   3.743448275862e+00
   3.784137931034e+00
   3.824827586207e+00
   3.865517241379e+00
   3.906206896552e+00
   3.946896551724e+00
   3.987586206897e+00
   4.028275862069e+00
   4.068965517241e+00
   4.109655172414e+00
   4.150344827586e+00
   4.191034482759e+00
   4.231724137931e+00
   4.272413793103e+00
   4.313103448276e+00
   4.353793103448e+00
   4.394482758621e+00
   4.435172413793e+00
   4.475862068966e+00
   4.516551724138e+00
   4.557241379310e+00
   4.597931034483e+00
   4.638620689655e+00
   4.679310344828e+00
   4.720000000000e+00
   4.760689655172e+00
   4.801379310345e+00
   4.842068965517e+00
   4.882758620690e+00
   4.923448275862e+00
   4.964137931034e+00
   5.004827586207e+00
   5.045517241379e+00
   5.086206896552e+00
   5.126896551724e+00
   5.167586206897e+00
   5.208275862069e+00
   5.248965517241e+00
   5.289655172414e+00
   5.330344827586e+00
   5.371034482759e+00
   5.411724137931e+00
   5.452413793103e+00
   5.493103448276e+00
   5.533793103448e+00
   5.574482758621e+00
   5.615172413793e+00
   5.655862068966e+00
   5.696551724138e+00
   5.737241379310e+00
   5.777931034483e+00
   5.818620689655e+00
   5.859310344828e+00
   5.900000000000e+00
   5.940689655172e+00
   5.981379310345e+00
   6.022068965517e+00
   6.062758620690e+00
   6.103448275862e+00
   6.144137931034e+00
   6.184827586207e+00
   6.225517241379e+00
   6.266206896552e+00
   6.306896551724e+00
   6.347586206897e+00
   6.388275862069e+00
   6.428965517241e+00
   6.469655172414e+00
   6.510344827586e+00
   6.551034482759e+00
   6.591724137931e+00
   6.632413793103e+00
   6.673103448276e+00
   6.713793103448e+00
   6.754482758621e+00
   6.795172413793e+00
   6.835862068966e+00
   6.876551724138e+00
   6.917241379310e+00
   6.957931034483e+00
   6.998620689655e+00
   7.039310344828e+00
   7.080000000000e+00
   7.120689655172e+00
   7.161379310345e+00
   7.202068965517e+00
   7.242758620690e+00
   7.283448275862e+00
   7.324137931034e+00
   7.364827586207e+00
   7.405517241379e+00
   7.446206896552e+00
   7.486896551724e+00
   7.527586206897e+00
   7.568275862069e+00
   7.608965517241e+00
   7.649655172414e+00
   7.690344827586e+00
   7.731034482759e+00
   7.771724137931e+00
   7.812413793103e+00
   7.853103448276e+00
   7.893793103448e+00
   7.934482758621e+00
   7.975172413793e+00
   8.015862068966e+00
   8.056551724138e+00
   8.097241379310e+00
   8.137931034483e+00
