ARMA_MAT_TXT_FN008
200 1
   3.913793103448e-02
   7.827586206897e-02
   1.174137931034e-01
   1.565517241379e-01
   1.956896551724e-01
   2.348275862069e-01
   2.739655172414e-01
   3.131034482759e-01
   3.522413793103e-01
   3.913793103448e-01
   4.305172413793e-01
   4.696551724138e-01
   5.087931034483e-01
   5.479310344828e-01
   5.870689655172e-01
   6.262068965517e-01
   6.653448275862e-01
   7.044827586207e-01
   7.436206896552e-01
   7.827586206897e-01
   8.218965517241e-01
   8.610344827586e-01
   9.001724137931e-01
   9.393103448276e-01
   9.784482758621e-01
   1.017586206897e+00
   1.056724137931e+00
   1.095862068966e+00
   1.135000000000e+00
   1.174137931034e+00
   1.213275862069e+00
   1.252413793103e+00
   1.291551724138e+00
   1.330689655172e+00
   1.369827586207e+00
   1.408965517241e+00
   1.448103448276e+00
   1.487241379310e+00
   1.526379310345e+00
   1.565517241379e+00
   1.604655172414e+00
   1.643793103448e+00
   1.682931034483e+00
   1.722068965517e+00
   1.761206896552e+00
   1.800344827586e+00
   1.839482758621e+00
   1.878620689655e+00
   1.917758620690e+00
   1.956896551724e+00
   1.996034482759e+00
   2.035172413793e+00
   2.074310344828e+00
   2.113448275862e+00
   2.152586206897e+00
   2.191724137931e+00
   2.230862068966e+00
   2.270000000000e+00
   2.309137931034e+00
   2.348275862069e+00
   2.387413793103e+00
   2.426551724138e+00
   2.465689655172e+00
   2.504827586207e+00
   2.543965517241e+00
   2.583103448276e+00
   2.622241379310e+00
   2.661379310345e+00
   2.700517241379e+00
   2.739655172414e+00
   2.778793103448e+00
   2.817931034483e+00
   2.857068965517e+00
   2.896206896552e+00
   2.935344827586e+00
   2.974482758621e+00
   3.013620689655e+00
   3.052758620690e+00
   3.091896551724e+00
   3.131034482759e+00
   3.170172413793e+00
   3.209310344828e+00
   3.248448275862e+00
   3.287586206897e+00
   3.326724137931e+00
   3.365862068966e+00
   3.405000000000e+00
   3.444137931034e+00
   3.483275862069e+00
   3.522413793103e+00
   3.561551724138e+00
   3.600689655172e+00
   3.639827586207e+00
   3.678965517241e+00
   3.718103448276e+00
   3.757241379310e+00
   3.796379310345e+00
   3.835517241379e+00
   3.874655172414e+00
   3.913793103448e+00
   3.952931034483e+00
   3.992068965517e+00
   4.031206896552e+00
   4.070344827586e+00
   4.109482758621e+00
   4.148620689655e+00
   4.187758620690e+00
   4.226896551724e+00
   4.266034482759e+00
   4.305172413793e+00
   4.344310344828e+00
   4.383448275862e+00
   4.422586206897e+00
   4.461724137931e+00
   4.500862068966e+00
   4.540000000000e+00
   4.579137931034e+00
   4.618275862069e+00
   4.657413793103e+00
   4.696551724138e+00
   4.735689655172e+00
   4.774827586207e+00
   4.813965517241e+00
   4.853103448276e+00
   4.892241379310e+00
   4.931379310345e+00
   4.970517241379e+00
   5.009655172414e+00
   5.048793103448e+00
   5.087931034483e+00
   5.127068965517e+00
   5.166206896552e+00
   5.205344827586e+00
   5.244482758621e+00
   5.283620689655e+00
   5.322758620690e+00
   5.361896551724e+00
   5.401034482759e+00
   5.440172413793e+00
   5.479310344828e+00
   5.518448275862e+00
   5.557586206897e+00
   5.596724137931e+00
   5.635862068966e+00
   5.675000000000e+00
   5.714137931034e+00
   5.753275862069e+00
   5.792413793103e+00
   5.831551724138e+00
   5.870689655172e+00
   5.909827586207e+00
   5.948965517241e+00
   5.988103448276e+00
   6.027241379310e+00
   6.066379310345e+00
   6.105517241379e+00
   6.144655172414e+00
   6.183793103448e+00
   6.222931034483e+00
   6.262068965517e+00
   6.301206896552e+00
   6.340344827586e+00
   6.379482758621e+00
   6.418620689655e+00
   6.457758620690e+00
   6.496896551724e+00
   6.536034482759e+00
   6.575172413793e+00
   6.614310344828e+00
   6.653448275862e+00
   6.692586206897e+00
   6.731724137931e+00
   6.770862068966e+00
   6.810000000000e+00
   6.849137931034e+00
   6.888275862069e+00
   6.927413793103e+00
   6.966551724138e+00
   7.005689655172e+00
   7.044827586207e+00
   7.083965517241e+00
   7.123103448276e+00
   7.162241379310e+00
   7.201379310345e+00
   7.240517241379e+00
   7.279655172414e+00
   7.318793103448e+00
   7.357931034483e+00
   7.397068965517e+00
   7.436206896552e+00
   7.475344827586e+00
   7.514482758621e+00
   7.553620689655e+00
   7.592758620690e+00
   7.631896551724e+00
   7.671034482759e+00
   7.710172413793e+00
   7.749310344828e+00
   7.788448275862e+00
   7.827586206897e+00
