ARMA_MAT_TXT_FN008
200 1
   3.137931034483e-02
   6.275862068966e-02
   9.413793103448e-02
   1.255172413793e-01
   1.568965517241e-01
   1.882758620690e-01
   2.196551724138e-01
   2.510344827586e-01
   2.824137931034e-01
   3.137931034483e-01
   3.451724137931e-01
   3.765517241379e-01
   4.079310344828e-01
   4.393103448276e-01
   4.706896551724e-01
   5.020689655172e-01
   5.334482758621e-01
   5.648275862069e-01
   5.962068965517e-01
   6.275862068966e-01
   6.589655172414e-01
   6.903448275862e-01
   7.217241379310e-01
   7.531034482759e-01
   7.844827586207e-01
   8.158620689655e-01
   8.472413793103e-01
   8.786206896552e-01
   9.100000000000e-01
   9.413793103448e-01
   9.727586206897e-01
   1.004137931034e+00
   1.035517241379e+00
   1.066896551724e+00
   1.098275862069e+00
   1.129655172414e+00
   1.161034482759e+00
   1.192413793103e+00
   1.223793103448e+00
   1.255172413793e+00
   1.286551724138e+00
   1.317931034483e+00
   1.349310344828e+00
   1.380689655172e+00
   1.412068965517e+00
   1.443448275862e+00
   1.474827586207e+00
   1.506206896552e+00
   1.537586206897e+00
   1.568965517241e+00
   1.600344827586e+00
   1.631724137931e+00
   1.663103448276e+00
   1.694482758621e+00
   1.725862068966e+00
   1.757241379310e+00
   1.788620689655e+00
   1.820000000000e+00
   1.851379310345e+00
   1.882758620690e+00
   1.914137931034e+00
   1.945517241379e+00
   1.976896551724e+00
   2.008275862069e+00
   2.039655172414e+00
   2.071034482759e+00
   2.102413793103e+00
   2.133793103448e+00
   2.165172413793e+00
   2.196551724138e+00
   2.227931034483e+00
   2.259310344828e+00
   2.290689655172e+00
   2.322068965517e+00
   2.353448275862e+00
   2.384827586207e+00
   2.416206896552e+00
   2.447586206897e+00
   2.478965517241e+00
   2.510344827586e+00
   2.541724137931e+00
   2.573103448276e+00
   2.604482758621e+00
   2.635862068966e+00
   2.667241379310e+00
   2.698620689655e+00
   2.730000000000e+00
   2.761379310345e+00
   2.792758620690e+00
   2.824137931034e+00
   2.855517241379e+00
   2.886896551724e+00
   2.918275862069e+00
   2.949655172414e+00
   2.981034482759e+00
   3.012413793103e+00
   3.043793103448e+00
   3.075172413793e+00
   3.106551724138e+00
   3.137931034483e+00
   3.169310344828e+00
   3.200689655172e+00
   3.232068965517e+00
   3.263448275862e+00
   3.294827586207e+00
   3.326206896552e+00
   3.357586206897e+00
   3.388965517241e+00
   3.420344827586e+00
   3.451724137931e+00
   3.483103448276e+00
   3.514482758621e+00
   3.545862068966e+00
   3.577241379310e+00
   3.608620689655e+00
   3.640000000000e+00
   3.671379310345e+00
   3.702758620690e+00
   3.734137931034e+00
   3.765517241379e+00
   3.796896551724e+00
   3.828275862069e+00
   3.859655172414e+00
   3.891034482759e+00
   3.922413793103e+00
   3.953793103448e+00
   3.985172413793e+00
   4.016551724138e+00
   4.047931034483e+00
   4.079310344828e+00
   4.110689655172e+00
   4.142068965517e+00
   4.173448275862e+00
   4.204827586207e+00
   4.236206896552e+00
   4.267586206897e+00
   4.298965517241e+00
   4.330344827586e+00
   4.361724137931e+00
   4.393103448276e+00
   4.424482758621e+00
   4.455862068966e+00
   4.487241379310e+00
   4.518620689655e+00
   4.550000000000e+00
   4.581379310345e+00
   4.612758620690e+00
   4.644137931034e+00
   4.675517241379e+00
   4.706896551724e+00
   4.738275862069e+00
   4.769655172414e+00
   4.801034482759e+00
   4.832413793103e+00
   4.863793103448e+00
   4.895172413793e+00
   4.926551724138e+00
   4.957931034483e+00
   4.989310344828e+00
   5.020689655172e+00
   5.052068965517e+00
   5.083448275862e+00
   5.114827586207e+00
   5.146206896552e+00
   5.177586206897e+00
   5.208965517241e+00
   5.240344827586e+00
   5.271724137931e+00
   5.303103448276e+00
   5.334482758621e+00
   5.365862068966e+00
   5.397241379310e+00
   5.428620689655e+00
   5.460000000000e+00
   5.491379310345e+00
   5.522758620690e+00
   5.554137931034e+00
   5.585517241379e+00
   5.616896551724e+00
   5.648275862069e+00
   5.679655172414e+00
   5.711034482759e+00
   5.742413793103e+00
   5.773793103448e+00
   5.805172413793e+00
   5.836551724138e+00
   5.867931034483e+00
   5.899310344828e+00
   5.930689655172e+00
   5.962068965517e+00
   5.993448275862e+00
   6.024827586207e+00
   6.056206896552e+00
   6.087586206897e+00
   6.118965517241e+00
   6.150344827586e+00
   6.181724137931e+00
   6.213103448276e+00
   6.244482758621e+00
   6.275862068966e+00
