ARMA_MAT_TXT_FN008
200 1
   2.051724137931e-02
   4.103448275862e-02
   6.155172413793e-02
   8.206896551724e-02
   1.025862068966e-01
   1.231034482759e-01
   1.436206896552e-01
   1.641379310345e-01
   1.846551724138e-01
   2.051724137931e-01
   2.256896551724e-01
   2.462068965517e-01
   2.667241379310e-01
   2.872413793103e-01
   3.077586206897e-01
   3.282758620690e-01
   3.487931034483e-01
   3.693103448276e-01
   3.898275862069e-01
   4.103448275862e-01
   4.308620689655e-01
   4.513793103448e-01
   4.718965517241e-01
   4.924137931034e-01
   5.129310344828e-01
   5.334482758621e-01
   5.539655172414e-01
   5.744827586207e-01
   5.950000000000e-01
   6.155172413793e-01
   6.360344827586e-01
   6.565517241379e-01
   6.770689655172e-01
   6.975862068966e-01
   7.181034482759e-01
   7.386206896552e-01
   7.591379310345e-01
   7.796551724138e-01
   8.001724137931e-01
   8.206896551724e-01
   8.412068965517e-01
   8.617241379310e-01
   8.822413793103e-01
   9.027586206897e-01
   9.232758620690e-01
   9.437931034483e-01
   9.643103448276e-01
   9.848275862069e-01
   1.005344827586e+00
   1.025862068966e+00
   1.046379310345e+00
   1.066896551724e+00
   1.087413793103e+00
   1.107931034483e+00
   1.128448275862e+00
   1.148965517241e+00
   1.169482758621e+00
   1.190000000000e+00
   1.210517241379e+00
   1.231034482759e+00
   1.251551724138e+00
   1.272068965517e+00
   1.292586206897e+00
   1.313103448276e+00
   1.333620689655e+00
   1.354137931034e+00
   1.374655172414e+00
   1.395172413793e+00
   1.415689655172e+00
   1.436206896552e+00
   1.456724137931e+00
   1.477241379310e+00
   1.497758620690e+00
   1.518275862069e+00
   1.538793103448e+00
   1.559310344828e+00
   1.579827586207e+00
   1.600344827586e+00
   1.620862068966e+00
   1.641379310345e+00
   1.661896551724e+00
   1.682413793103e+00
   1.702931034483e+00
   1.723448275862e+00
   1.743965517241e+00
   1.764482758621e+00
   1.785000000000e+00
   1.805517241379e+00
   1.826034482759e+00
   1.846551724138e+00
   1.867068965517e+00
   1.887586206897e+00
   1.908103448276e+00
   1.928620689655e+00
   1.949137931034e+00
   1.969655172414e+00
   1.990172413793e+00
   2.010689655172e+00
   2.031206896552e+00
   2.051724137931e+00
   2.072241379310e+00
   2.092758620690e+00
   2.113275862069e+00
   2.133793103448e+00
   2.154310344828e+00
   2.174827586207e+00
   2.195344827586e+00
   2.215862068966e+00
   2.236379310345e+00
   2.256896551724e+00
   2.277413793103e+00
   2.297931034483e+00
   2.318448275862e+00
   2.338965517241e+00
   2.359482758621e+00
   2.380000000000e+00
   2.400517241379e+00
   2.421034482759e+00
   2.441551724138e+00
   2.462068965517e+00
   2.482586206897e+00
   2.503103448276e+00
   2.523620689655e+00
   2.544137931034e+00
   2.564655172414e+00
   2.585172413793e+00
   2.605689655172e+00
   2.626206896552e+00
   2.646724137931e+00
   2.667241379310e+00
   2.687758620690e+00
   2.708275862069e+00
   2.728793103448e+00
   2.749310344828e+00
   2.769827586207e+00
   2.790344827586e+00
   2.810862068966e+00
   2.831379310345e+00
   2.851896551724e+00
   2.872413793103e+00
   2.892931034483e+00
   2.913448275862e+00
   2.933965517241e+00
   2.954482758621e+00
   2.975000000000e+00
   2.995517241379e+00
   3.016034482759e+00
   3.036551724138e+00
   3.057068965517e+00
   3.077586206897e+00
   3.098103448276e+00
   3.118620689655e+00
   3.139137931034e+00
   3.159655172414e+00
   3.180172413793e+00
   3.200689655172e+00
   3.221206896552e+00
   3.241724137931e+00
   3.262241379310e+00
   3.282758620690e+00
   3.303275862069e+00
   3.323793103448e+00
   3.344310344828e+00
   3.364827586207e+00
   3.385344827586e+00
   3.405862068966e+00
   3.426379310345e+00
   3.446896551724e+00
   3.467413793103e+00
   3.487931034483e+00
   3.508448275862e+00
   3.528965517241e+00
   3.549482758621e+00
   3.570000000000e+00
   3.590517241379e+00
   3.611034482759e+00
   3.631551724138e+00
   3.652068965517e+00
   3.672586206897e+00
   3.693103448276e+00
   3.713620689655e+00
   3.734137931034e+00
   3.754655172414e+00
   3.775172413793e+00
   3.795689655172e+00
   3.816206896552e+00
   3.836724137931e+00
   3.857241379310e+00
   3.877758620690e+00
   3.898275862069e+00
   3.918793103448e+00
   3.939310344828e+00
   3.959827586207e+00
   3.980344827586e+00
   4.000862068966e+00
   4.021379310345e+00
   4.041896551724e+00
   4.062413793103e+00
   4.082931034483e+00
   4.103448275862e+00
