ARMA_MAT_TXT_FN008
190 1
   2.631578947368e-02
   5.263157894737e-02
   7.894736842105e-02
   1.052631578947e-01
   1.315789473684e-01
   1.578947368421e-01
   1.842105263158e-01
   2.105263157895e-01
   2.368421052632e-01
   2.631578947368e-01
   2.894736842105e-01
   3.157894736842e-01
   3.421052631579e-01
   3.684210526316e-01
   3.947368421053e-01
   4.210526315789e-01
   4.473684210526e-01
   4.736842105263e-01
   5.000000000000e-01
   5.263157894737e-01
   5.526315789474e-01
   5.789473684211e-01
   6.052631578947e-01
   6.315789473684e-01
   6.578947368421e-01
   6.842105263158e-01
   7.105263157895e-01
   7.368421052632e-01
   7.631578947368e-01
   7.894736842105e-01
   8.157894736842e-01
   8.421052631579e-01
   8.684210526316e-01
   8.947368421053e-01
   9.210526315789e-01
   9.473684210526e-01
   9.736842105263e-01
   1.000000000000e+00
   1.026315789474e+00
   1.052631578947e+00
   1.078947368421e+00
   1.105263157895e+00
   1.131578947368e+00
   1.157894736842e+00
   1.184210526316e+00
   1.210526315789e+00
   1.236842105263e+00
   1.263157894737e+00
   1.289473684211e+00
   1.315789473684e+00
   1.342105263158e+00
   1.368421052632e+00
   1.394736842105e+00
   1.421052631579e+00
   1.447368421053e+00
   1.473684210526e+00
   1.500000000000e+00
   1.526315789474e+00
   1.552631578947e+00
   1.578947368421e+00
   1.605263157895e+00
   1.631578947368e+00
   1.657894736842e+00
   1.684210526316e+00
   1.710526315789e+00
   1.736842105263e+00
   1.763157894737e+00
   1.789473684211e+00
   1.815789473684e+00
   1.842105263158e+00
   1.868421052632e+00
   1.894736842105e+00
   1.921052631579e+00
   1.947368421053e+00
   1.973684210526e+00
   2.000000000000e+00
   2.026315789474e+00
   2.052631578947e+00
   2.078947368421e+00
   2.105263157895e+00
   2.131578947368e+00
   2.157894736842e+00
   2.184210526316e+00
   2.210526315789e+00
   2.236842105263e+00
   2.263157894737e+00
   2.289473684211e+00
   2.315789473684e+00
   2.342105263158e+00
   2.368421052632e+00
   2.394736842105e+00
   2.421052631579e+00
   2.447368421053e+00
   2.473684210526e+00
   2.500000000000e+00
   2.526315789474e+00
   2.552631578947e+00
   2.578947368421e+00
   2.605263157895e+00
   2.631578947368e+00
   2.657894736842e+00
   2.684210526316e+00
   2.710526315789e+00
   2.736842105263e+00
   2.763157894737e+00
   2.789473684211e+00
   2.815789473684e+00
   2.842105263158e+00
   2.868421052632e+00
   2.894736842105e+00
   2.921052631579e+00
   2.947368421053e+00
   2.973684210526e+00
   3.000000000000e+00
   3.026315789474e+00
   3.052631578947e+00
   3.078947368421e+00
   3.105263157895e+00
   3.131578947368e+00
   3.157894736842e+00
   3.184210526316e+00
   3.210526315789e+00
   3.236842105263e+00
   3.263157894737e+00
   3.289473684211e+00
   3.315789473684e+00
   3.342105263158e+00
   3.368421052632e+00
   3.394736842105e+00
   3.421052631579e+00
   3.447368421053e+00
   3.473684210526e+00
   3.500000000000e+00
   3.526315789474e+00
   3.552631578947e+00
   3.578947368421e+00
   3.605263157895e+00
   3.631578947368e+00
   3.657894736842e+00
   3.684210526316e+00
   3.710526315789e+00
   3.736842105263e+00
   3.763157894737e+00
   3.789473684211e+00
   3.815789473684e+00
   3.842105263158e+00
   3.868421052632e+00
   3.894736842105e+00
   3.921052631579e+00
   3.947368421053e+00
   3.973684210526e+00
   4.000000000000e+00
   4.026315789474e+00
   4.052631578947e+00
   4.078947368421e+00
   4.105263157895e+00
   4.131578947368e+00
   4.157894736842e+00
   4.184210526316e+00
   4.210526315789e+00
   4.236842105263e+00
   4.263157894737e+00
   4.289473684211e+00
   4.315789473684e+00
   4.342105263158e+00
   4.368421052632e+00
   4.394736842105e+00
   4.421052631579e+00
   4.447368421053e+00
   4.473684210526e+00
   4.500000000000e+00
   4.526315789474e+00
   4.552631578947e+00
   4.578947368421e+00
   4.605263157895e+00
   4.631578947368e+00
   4.657894736842e+00
   4.684210526316e+00
   4.710526315789e+00
   4.736842105263e+00
   4.763157894737e+00
   4.789473684211e+00
   4.815789473684e+00
   4.842105263158e+00
   4.868421052632e+00
   4.894736842105e+00
   4.921052631579e+00
   4.947368421053e+00
   4.973684210526e+00
   5.000000000000e+00
