ARMA_MAT_TXT_FN008
200 1
   9.655172413793e-03
   1.931034482759e-02
   2.896551724138e-02
   3.862068965517e-02
   4.827586206897e-02
   5.793103448276e-02
   6.758620689655e-02
   7.724137931034e-02
   8.689655172414e-02
   9.655172413793e-02
   1.062068965517e-01
   1.158620689655e-01
   1.255172413793e-01
   1.351724137931e-01
   1.448275862069e-01
   1.544827586207e-01
   1.641379310345e-01
   1.737931034483e-01
   1.834482758621e-01
   1.931034482759e-01
   2.027586206897e-01
   2.124137931034e-01
   2.220689655172e-01
   2.317241379310e-01
   2.413793103448e-01
   2.510344827586e-01
   2.606896551724e-01
   2.703448275862e-01
   2.800000000000e-01
   2.896551724138e-01
   2.993103448276e-01
   3.089655172414e-01
   3.186206896552e-01
   3.282758620690e-01
   3.379310344828e-01
   3.475862068966e-01
   3.572413793103e-01
   3.668965517241e-01
   3.765517241379e-01
   3.862068965517e-01
   3.958620689655e-01
   4.055172413793e-01
   4.151724137931e-01
   4.248275862069e-01
   4.344827586207e-01
   4.441379310345e-01
   4.537931034483e-01
   4.634482758621e-01
   4.731034482759e-01
   4.827586206897e-01
   4.924137931034e-01
   5.020689655172e-01
   5.117241379310e-01
   5.213793103448e-01
   5.310344827586e-01
   5.406896551724e-01
   5.503448275862e-01
   5.600000000000e-01
   5.696551724138e-01
   5.793103448276e-01
   5.889655172414e-01
   5.986206896552e-01
   6.082758620690e-01
   6.179310344828e-01
   6.275862068966e-01
   6.372413793103e-01
   6.468965517241e-01
   6.565517241379e-01
   6.662068965517e-01
   6.758620689655e-01
   6.855172413793e-01
   6.951724137931e-01
   7.048275862069e-01
   7.144827586207e-01
   7.241379310345e-01
   7.337931034483e-01
   7.434482758621e-01
   7.531034482759e-01
   7.627586206897e-01
   7.724137931034e-01
   7.820689655172e-01
   7.917241379310e-01
   8.013793103448e-01
   8.110344827586e-01
   8.206896551724e-01
   8.303448275862e-01
   8.400000000000e-01
   8.496551724138e-01
   8.593103448276e-01
   8.689655172414e-01
   8.786206896552e-01
   8.882758620690e-01
   8.979310344828e-01
   9.075862068966e-01
   9.172413793103e-01
   9.268965517241e-01
   9.365517241379e-01
   9.462068965517e-01
   9.558620689655e-01
   9.655172413793e-01
   9.751724137931e-01
   9.848275862069e-01
   9.944827586207e-01
   1.004137931034e+00
   1.013793103448e+00
   1.023448275862e+00
   1.033103448276e+00
   1.042758620690e+00
   1.052413793103e+00
   1.062068965517e+00
   1.071724137931e+00
   1.081379310345e+00
   1.091034482759e+00
   1.100689655172e+00
   1.110344827586e+00
   1.120000000000e+00
   1.129655172414e+00
   1.139310344828e+00
   1.148965517241e+00
   1.158620689655e+00
   1.168275862069e+00
   1.177931034483e+00
   1.187586206897e+00
   1.197241379310e+00
   1.206896551724e+00
   1.216551724138e+00
   1.226206896552e+00
   1.235862068966e+00
   1.245517241379e+00
   1.255172413793e+00
   1.264827586207e+00
   1.274482758621e+00
   1.284137931034e+00
   1.293793103448e+00
   1.303448275862e+00
   1.313103448276e+00
   1.322758620690e+00
   1.332413793103e+00
   1.342068965517e+00
   1.351724137931e+00
   1.361379310345e+00
   1.371034482759e+00
   1.380689655172e+00
   1.390344827586e+00
   1.400000000000e+00
   1.409655172414e+00
   1.419310344828e+00
   1.428965517241e+00
   1.438620689655e+00
   1.448275862069e+00
   1.457931034483e+00
   1.467586206897e+00
   1.477241379310e+00
   1.486896551724e+00
   1.496551724138e+00
   1.506206896552e+00
   1.515862068966e+00
   1.525517241379e+00
   1.535172413793e+00
   1.544827586207e+00
   1.554482758621e+00
   1.564137931034e+00
   1.573793103448e+00
   1.583448275862e+00
   1.593103448276e+00
   1.602758620690e+00
   1.612413793103e+00
   1.622068965517e+00
   1.631724137931e+00
   1.641379310345e+00
   1.651034482759e+00
   1.660689655172e+00
   1.670344827586e+00
   1.680000000000e+00
   1.689655172414e+00
   1.699310344828e+00
   1.708965517241e+00
   1.718620689655e+00
   1.728275862069e+00
   1.737931034483e+00
   1.747586206897e+00
   1.757241379310e+00
   1.766896551724e+00
   1.776551724138e+00
   1.786206896552e+00
   1.795862068966e+00
   1.805517241379e+00
   1.815172413793e+00
   1.824827586207e+00
   1.834482758621e+00
   1.844137931034e+00
   1.853793103448e+00
   1.863448275862e+00
   1.873103448276e+00
   1.882758620690e+00
   1.892413793103e+00
   1.902068965517e+00
   1.911724137931e+00
   1.921379310345e+00
   1.931034482759e+00
