ARMA_MAT_TXT_FN008
200 1
   6.551724137931e-03
   1.310344827586e-02
   1.965517241379e-02
   2.620689655172e-02
   3.275862068966e-02
   3.931034482759e-02
   4.586206896552e-02
   5.241379310345e-02
   5.896551724138e-02
   6.551724137931e-02
   7.206896551724e-02
   7.862068965517e-02
   8.517241379310e-02
   9.172413793103e-02
   9.827586206897e-02
   1.048275862069e-01
   1.113793103448e-01
   1.179310344828e-01
   1.244827586207e-01
   1.310344827586e-01
   1.375862068966e-01
   1.441379310345e-01
   1.506896551724e-01
   1.572413793103e-01
   1.637931034483e-01
   1.703448275862e-01
   1.768965517241e-01
   1.834482758621e-01
   1.900000000000e-01
   1.965517241379e-01
   2.031034482759e-01
   2.096551724138e-01
   2.162068965517e-01
   2.227586206897e-01
   2.293103448276e-01
   2.358620689655e-01
   2.424137931034e-01
   2.489655172414e-01
   2.555172413793e-01
   2.620689655172e-01
   2.686206896552e-01
   2.751724137931e-01
   2.817241379310e-01
   2.882758620690e-01
   2.948275862069e-01
   3.013793103448e-01
   3.079310344828e-01
   3.144827586207e-01
   3.210344827586e-01
   3.275862068966e-01
   3.341379310345e-01
   3.406896551724e-01
   3.472413793103e-01
   3.537931034483e-01
   3.603448275862e-01
   3.668965517241e-01
   3.734482758621e-01
   3.800000000000e-01
   3.865517241379e-01
   3.931034482759e-01
   3.996551724138e-01
   4.062068965517e-01
   4.127586206897e-01
   4.193103448276e-01
   4.258620689655e-01
   4.324137931034e-01
   4.389655172414e-01
   4.455172413793e-01
   4.520689655172e-01
   4.586206896552e-01
   4.651724137931e-01
   4.717241379310e-01
   4.782758620690e-01
   4.848275862069e-01
   4.913793103448e-01
   4.979310344828e-01
   5.044827586207e-01
   5.110344827586e-01
   5.175862068966e-01
   5.241379310345e-01
   5.306896551724e-01
   5.372413793103e-01
   5.437931034483e-01
   5.503448275862e-01
   5.568965517241e-01
   5.634482758621e-01
   5.700000000000e-01
   5.765517241379e-01
   5.831034482759e-01
   5.896551724138e-01
   5.962068965517e-01
   6.027586206897e-01
   6.093103448276e-01
   6.158620689655e-01
   6.224137931034e-01
   6.289655172414e-01
   6.355172413793e-01
   6.420689655172e-01
   6.486206896552e-01
   6.551724137931e-01
   6.617241379310e-01
   6.682758620690e-01
   6.748275862069e-01
   6.813793103448e-01
   6.879310344828e-01
   6.944827586207e-01
   7.010344827586e-01
   7.075862068966e-01
   7.141379310345e-01
   7.206896551724e-01
   7.272413793103e-01
   7.337931034483e-01
   7.403448275862e-01
   7.468965517241e-01
   7.534482758621e-01
   7.600000000000e-01
   7.665517241379e-01
   7.731034482759e-01
   7.796551724138e-01
   7.862068965517e-01
   7.927586206897e-01
   7.993103448276e-01
   8.058620689655e-01
   8.124137931034e-01
   8.189655172414e-01
   8.255172413793e-01
   8.320689655172e-01
   8.386206896552e-01
   8.451724137931e-01
   8.517241379310e-01
   8.582758620690e-01
   8.648275862069e-01
   8.713793103448e-01
   8.779310344828e-01
   8.844827586207e-01
   8.910344827586e-01
   8.975862068966e-01
   9.041379310345e-01
   9.106896551724e-01
   9.172413793103e-01
   9.237931034483e-01
   9.303448275862e-01
   9.368965517241e-01
   9.434482758621e-01
   9.500000000000e-01
   9.565517241379e-01
   9.631034482759e-01
   9.696551724138e-01
   9.762068965517e-01
   9.827586206897e-01
   9.893103448276e-01
   9.958620689655e-01
   1.002413793103e+00
   1.008965517241e+00
   1.015517241379e+00
   1.022068965517e+00
   1.028620689655e+00
   1.035172413793e+00
   1.041724137931e+00
   1.048275862069e+00
   1.054827586207e+00
   1.061379310345e+00
   1.067931034483e+00
   1.074482758621e+00
   1.081034482759e+00
   1.087586206897e+00
   1.094137931034e+00
   1.100689655172e+00
   1.107241379310e+00
   1.113793103448e+00
   1.120344827586e+00
   1.126896551724e+00
   1.133448275862e+00
   1.140000000000e+00
   1.146551724138e+00
   1.153103448276e+00
   1.159655172414e+00
   1.166206896552e+00
   1.172758620690e+00
   1.179310344828e+00
   1.185862068966e+00
   1.192413793103e+00
   1.198965517241e+00
   1.205517241379e+00
   1.212068965517e+00
   1.218620689655e+00
   1.225172413793e+00
   1.231724137931e+00
   1.238275862069e+00
   1.244827586207e+00
   1.251379310345e+00
   1.257931034483e+00
   1.264482758621e+00
   1.271034482759e+00
   1.277586206897e+00
   1.284137931034e+00
   1.290689655172e+00
   1.297241379310e+00
   1.303793103448e+00
   1.310344827586e+00
