ARMA_MAT_TXT_FN008
200 1
   2.672413793103e-02
   5.344827586207e-02
   8.017241379310e-02
   1.068965517241e-01
   1.336206896552e-01
   1.603448275862e-01
   1.870689655172e-01
   2.137931034483e-01
   2.405172413793e-01
   2.672413793103e-01
   2.939655172414e-01
   3.206896551724e-01
   3.474137931034e-01
   3.741379310345e-01
   4.008620689655e-01
   4.275862068966e-01
   4.543103448276e-01
   4.810344827586e-01
   5.077586206897e-01
   5.344827586207e-01
   5.612068965517e-01
   5.879310344828e-01
   6.146551724138e-01
   6.413793103448e-01
   6.681034482759e-01
   6.948275862069e-01
   7.215517241379e-01
   7.482758620690e-01
   7.750000000000e-01
   8.017241379310e-01
   8.284482758621e-01
   8.551724137931e-01
   8.818965517241e-01
   9.086206896552e-01
   9.353448275862e-01
   9.620689655172e-01
   9.887931034483e-01
   1.015517241379e+00
   1.042241379310e+00
   1.068965517241e+00
   1.095689655172e+00
   1.122413793103e+00
   1.149137931034e+00
   1.175862068966e+00
   1.202586206897e+00
   1.229310344828e+00
   1.256034482759e+00
   1.282758620690e+00
   1.309482758621e+00
   1.336206896552e+00
   1.362931034483e+00
   1.389655172414e+00
   1.416379310345e+00
   1.443103448276e+00
   1.469827586207e+00
   1.496551724138e+00
   1.523275862069e+00
   1.550000000000e+00
   1.576724137931e+00
   1.603448275862e+00
   1.630172413793e+00
   1.656896551724e+00
   1.683620689655e+00
   1.710344827586e+00
   1.737068965517e+00
   1.763793103448e+00
   1.790517241379e+00
   1.817241379310e+00
   1.843965517241e+00
   1.870689655172e+00
   1.897413793103e+00
   1.924137931034e+00
   1.950862068966e+00
   1.977586206897e+00
   2.004310344828e+00
   2.031034482759e+00
   2.057758620690e+00
   2.084482758621e+00
   2.111206896552e+00
   2.137931034483e+00
   2.164655172414e+00
   2.191379310345e+00
   2.218103448276e+00
   2.244827586207e+00
   2.271551724138e+00
   2.298275862069e+00
   2.325000000000e+00
   2.351724137931e+00
   2.378448275862e+00
   2.405172413793e+00
   2.431896551724e+00
   2.458620689655e+00
   2.485344827586e+00
   2.512068965517e+00
   2.538793103448e+00
   2.565517241379e+00
   2.592241379310e+00
   2.618965517241e+00
   2.645689655172e+00
   2.672413793103e+00
   2.699137931034e+00
   2.725862068966e+00
   2.752586206897e+00
   2.779310344828e+00
   2.806034482759e+00
   2.832758620690e+00
   2.859482758621e+00
   2.886206896552e+00
   2.912931034483e+00
   2.939655172414e+00
   2.966379310345e+00
   2.993103448276e+00
   3.019827586207e+00
   3.046551724138e+00
   3.073275862069e+00
   3.100000000000e+00
   3.126724137931e+00
   3.153448275862e+00
   3.180172413793e+00
   3.206896551724e+00
   3.233620689655e+00
   3.260344827586e+00
   3.287068965517e+00
   3.313793103448e+00
   3.340517241379e+00
   3.367241379310e+00
   3.393965517241e+00
   3.420689655172e+00
   3.447413793103e+00
   3.474137931034e+00
   3.500862068966e+00
   3.527586206897e+00
   3.554310344828e+00
   3.581034482759e+00
   3.607758620690e+00
   3.634482758621e+00
   3.661206896552e+00
   3.687931034483e+00
   3.714655172414e+00
   3.741379310345e+00
   3.768103448276e+00
   3.794827586207e+00
   3.821551724138e+00
   3.848275862069e+00
   3.875000000000e+00
   3.901724137931e+00
   3.928448275862e+00
   3.955172413793e+00
   3.981896551724e+00
   4.008620689655e+00
   4.035344827586e+00
   4.062068965517e+00
   4.088793103448e+00
   4.115517241379e+00
   4.142241379310e+00
   4.168965517241e+00
   4.195689655172e+00
   4.222413793103e+00
   4.249137931034e+00
   4.275862068966e+00
   4.302586206897e+00
   4.329310344828e+00
   4.356034482759e+00
   4.382758620690e+00
   4.409482758621e+00
   4.436206896552e+00
   4.462931034483e+00
   4.489655172414e+00
   4.516379310345e+00
   4.543103448276e+00
   4.569827586207e+00
   4.596551724138e+00
   4.623275862069e+00
   4.650000000000e+00
   4.676724137931e+00
   4.703448275862e+00
   4.730172413793e+00
   4.756896551724e+00
   4.783620689655e+00
   4.810344827586e+00
   4.837068965517e+00
   4.863793103448e+00
   4.890517241379e+00
   4.917241379310e+00
   4.943965517241e+00
   4.970689655172e+00
   4.997413793103e+00
   5.024137931034e+00
   5.050862068966e+00
   5.077586206897e+00
   5.104310344828e+00
   5.131034482759e+00
   5.157758620690e+00
   5.184482758621e+00
   5.211206896552e+00
   5.237931034483e+00
   5.264655172414e+00
   5.291379310345e+00
   5.318103448276e+00
   5.344827586207e+00
