ARMA_MAT_TXT_FN008
52 1
   2.519893899204e-02
   5.039787798408e-02
   7.559681697613e-02
   1.007957559682e-01
   1.259946949602e-01
   1.511936339523e-01
   1.763925729443e-01
   2.015915119363e-01
   2.267904509284e-01
   2.519893899204e-01
   2.771883289125e-01
   3.023872679045e-01
   3.275862068966e-01
   3.527851458886e-01
   3.779840848806e-01
   4.031830238727e-01
   4.283819628647e-01
   4.535809018568e-01
   4.787798408488e-01
   5.039787798408e-01
   5.291777188329e-01
   5.543766578249e-01
   5.795755968170e-01
   6.047745358090e-01
   6.299734748011e-01
   6.551724137931e-01
   6.803713527851e-01
   7.055702917772e-01
   7.307692307692e-01
   7.559681697613e-01
   7.811671087533e-01
   8.063660477454e-01
   8.315649867374e-01
   8.567639257294e-01
   8.819628647215e-01
   9.071618037135e-01
   9.323607427056e-01
   9.575596816976e-01
   9.827586206897e-01
   1.007957559682e+00
   1.033156498674e+00
   1.058355437666e+00
   1.083554376658e+00
   1.108753315650e+00
   1.133952254642e+00
   1.159151193634e+00
   1.184350132626e+00
   1.209549071618e+00
   1.234748010610e+00
   1.259946949602e+00
   1.285145888594e+00
   1.310344827586e+00
