ARMA_MAT_TXT_FN008
200 1
   2.982758620690e-02
   5.965517241379e-02
   8.948275862069e-02
   1.193103448276e-01
   1.491379310345e-01
   1.789655172414e-01
   2.087931034483e-01
   2.386206896552e-01
   2.684482758621e-01
   2.982758620690e-01
   3.281034482759e-01
   3.579310344828e-01
   3.877586206897e-01
   4.175862068966e-01
   4.474137931034e-01
   4.772413793103e-01
   5.070689655172e-01
   5.368965517241e-01
   5.667241379310e-01
   5.965517241379e-01
   6.263793103448e-01
   6.562068965517e-01
   6.860344827586e-01
   7.158620689655e-01
   7.456896551724e-01
   7.755172413793e-01
   8.053448275862e-01
   8.351724137931e-01
   8.650000000000e-01
   8.948275862069e-01
   9.246551724138e-01
   9.544827586207e-01
   9.843103448276e-01
   1.014137931034e+00
   1.043965517241e+00
   1.073793103448e+00
   1.103620689655e+00
   1.133448275862e+00
   1.163275862069e+00
   1.193103448276e+00
   1.222931034483e+00
   1.252758620690e+00
   1.282586206897e+00
   1.312413793103e+00
   1.342241379310e+00
   1.372068965517e+00
   1.401896551724e+00
   1.431724137931e+00
   1.461551724138e+00
   1.491379310345e+00
   1.521206896552e+00
   1.551034482759e+00
   1.580862068966e+00
   1.610689655172e+00
   1.640517241379e+00
   1.670344827586e+00
   1.700172413793e+00
   1.730000000000e+00
   1.759827586207e+00
   1.789655172414e+00
   1.819482758621e+00
   1.849310344828e+00
   1.879137931034e+00
   1.908965517241e+00
   1.938793103448e+00
   1.968620689655e+00
   1.998448275862e+00
   2.028275862069e+00
   2.058103448276e+00
   2.087931034483e+00
   2.117758620690e+00
   2.147586206897e+00
   2.177413793103e+00
   2.207241379310e+00
   2.237068965517e+00
   2.266896551724e+00
   2.296724137931e+00
   2.326551724138e+00
   2.356379310345e+00
   2.386206896552e+00
   2.416034482759e+00
   2.445862068966e+00
   2.475689655172e+00
   2.505517241379e+00
   2.535344827586e+00
   2.565172413793e+00
   2.595000000000e+00
   2.624827586207e+00
   2.654655172414e+00
   2.684482758621e+00
   2.714310344828e+00
   2.744137931034e+00
   2.773965517241e+00
   2.803793103448e+00
   2.833620689655e+00
   2.863448275862e+00
   2.893275862069e+00
   2.923103448276e+00
   2.952931034483e+00
   2.982758620690e+00
   3.012586206897e+00
   3.042413793103e+00
   3.072241379310e+00
   3.102068965517e+00
   3.131896551724e+00
   3.161724137931e+00
   3.191551724138e+00
   3.221379310345e+00
   3.251206896552e+00
   3.281034482759e+00
   3.310862068966e+00
   3.340689655172e+00
   3.370517241379e+00
   3.400344827586e+00
   3.430172413793e+00
   3.460000000000e+00
   3.489827586207e+00
   3.519655172414e+00
   3.549482758621e+00
   3.579310344828e+00
   3.609137931034e+00
   3.638965517241e+00
   3.668793103448e+00
   3.698620689655e+00
   3.728448275862e+00
   3.758275862069e+00
   3.788103448276e+00
   3.817931034483e+00
   3.847758620690e+00
   3.877586206897e+00
   3.907413793103e+00
   3.937241379310e+00
   3.967068965517e+00
   3.996896551724e+00
   4.026724137931e+00
   4.056551724138e+00
   4.086379310345e+00
   4.116206896552e+00
   4.146034482759e+00
   4.175862068966e+00
   4.205689655172e+00
   4.235517241379e+00
   4.265344827586e+00
   4.295172413793e+00
   4.325000000000e+00
   4.354827586207e+00
   4.384655172414e+00
   4.414482758621e+00
   4.444310344828e+00
   4.474137931034e+00
   4.503965517241e+00
   4.533793103448e+00
   4.563620689655e+00
   4.593448275862e+00
   4.623275862069e+00
   4.653103448276e+00
   4.682931034483e+00
   4.712758620690e+00
   4.742586206897e+00
   4.772413793103e+00
   4.802241379310e+00
   4.832068965517e+00
   4.861896551724e+00
   4.891724137931e+00
   4.921551724138e+00
   4.951379310345e+00
   4.981206896552e+00
   5.011034482759e+00
   5.040862068966e+00
   5.070689655172e+00
   5.100517241379e+00
   5.130344827586e+00
   5.160172413793e+00
   5.190000000000e+00
   5.219827586207e+00
   5.249655172414e+00
   5.279482758621e+00
   5.309310344828e+00
   5.339137931034e+00
   5.368965517241e+00
   5.398793103448e+00
   5.428620689655e+00
   5.458448275862e+00
   5.488275862069e+00
   5.518103448276e+00
   5.547931034483e+00
   5.577758620690e+00
   5.607586206897e+00
   5.637413793103e+00
   5.667241379310e+00
   5.697068965517e+00
   5.726896551724e+00
   5.756724137931e+00
   5.786551724138e+00
   5.816379310345e+00
   5.846206896552e+00
   5.876034482759e+00
   5.905862068966e+00
   5.935689655172e+00
   5.965517241379e+00
