ARMA_MAT_TXT_FN008
300 1
   2.505747126437e-02
   5.011494252874e-02
   7.517241379310e-02
   1.002298850575e-01
   1.252873563218e-01
   1.503448275862e-01
   1.754022988506e-01
   2.004597701149e-01
   2.255172413793e-01
   2.505747126437e-01
   2.756321839080e-01
   3.006896551724e-01
   3.257471264368e-01
   3.508045977011e-01
   3.758620689655e-01
   4.009195402299e-01
   4.259770114943e-01
   4.510344827586e-01
   4.760919540230e-01
   5.011494252874e-01
   5.262068965517e-01
   5.512643678161e-01
   5.763218390805e-01
   6.013793103448e-01
   6.264367816092e-01
   6.514942528736e-01
   6.765517241379e-01
   7.016091954023e-01
   7.266666666667e-01
   7.517241379310e-01
   7.767816091954e-01
   8.018390804598e-01
   8.268965517241e-01
   8.519540229885e-01
   8.770114942529e-01
   9.020689655172e-01
   9.271264367816e-01
   9.521839080460e-01
   9.772413793103e-01
   1.002298850575e+00
   1.027356321839e+00
   1.052413793103e+00
   1.077471264368e+00
   1.102528735632e+00
   1.127586206897e+00
   1.152643678161e+00
   1.177701149425e+00
   1.202758620690e+00
   1.227816091954e+00
   1.252873563218e+00
   1.277931034483e+00
   1.302988505747e+00
   1.328045977011e+00
   1.353103448276e+00
   1.378160919540e+00
   1.403218390805e+00
   1.428275862069e+00
   1.453333333333e+00
   1.478390804598e+00
   1.503448275862e+00
   1.528505747126e+00
   1.553563218391e+00
   1.578620689655e+00
   1.603678160920e+00
   1.628735632184e+00
   1.653793103448e+00
   1.678850574713e+00
   1.703908045977e+00
   1.728965517241e+00
   1.754022988506e+00
   1.779080459770e+00
   1.804137931034e+00
   1.829195402299e+00
   1.854252873563e+00
   1.879310344828e+00
   1.904367816092e+00
   1.929425287356e+00
   1.954482758621e+00
   1.979540229885e+00
   2.004597701149e+00
   2.029655172414e+00
   2.054712643678e+00
   2.079770114943e+00
   2.104827586207e+00
   2.129885057471e+00
   2.154942528736e+00
   2.180000000000e+00
   2.205057471264e+00
   2.230114942529e+00
   2.255172413793e+00
   2.280229885057e+00
   2.305287356322e+00
   2.330344827586e+00
   2.355402298851e+00
   2.380459770115e+00
   2.405517241379e+00
   2.430574712644e+00
   2.455632183908e+00
   2.480689655172e+00
   2.505747126437e+00
   2.530804597701e+00
   2.555862068966e+00
   2.580919540230e+00
   2.605977011494e+00
   2.631034482759e+00
   2.656091954023e+00
   2.681149425287e+00
   2.706206896552e+00
   2.731264367816e+00
   2.756321839080e+00
   2.781379310345e+00
   2.806436781609e+00
   2.831494252874e+00
   2.856551724138e+00
   2.881609195402e+00
   2.906666666667e+00
   2.931724137931e+00
   2.956781609195e+00
   2.981839080460e+00
   3.006896551724e+00
   3.031954022989e+00
   3.057011494253e+00
   3.082068965517e+00
   3.107126436782e+00
   3.132183908046e+00
   3.157241379310e+00
   3.182298850575e+00
   3.207356321839e+00
   3.232413793103e+00
   3.257471264368e+00
   3.282528735632e+00
   3.307586206897e+00
   3.332643678161e+00
   3.357701149425e+00
   3.382758620690e+00
   3.407816091954e+00
   3.432873563218e+00
   3.457931034483e+00
   3.482988505747e+00
   3.508045977011e+00
   3.533103448276e+00
   3.558160919540e+00
   3.583218390805e+00
   3.608275862069e+00
   3.633333333333e+00
   3.658390804598e+00
   3.683448275862e+00
   3.708505747126e+00
   3.733563218391e+00
   3.758620689655e+00
   3.783678160920e+00
   3.808735632184e+00
   3.833793103448e+00
   3.858850574713e+00
   3.883908045977e+00
   3.908965517241e+00
   3.934022988506e+00
   3.959080459770e+00
   3.984137931034e+00
   4.009195402299e+00
   4.034252873563e+00
   4.059310344828e+00
   4.084367816092e+00
   4.109425287356e+00
   4.134482758621e+00
   4.159540229885e+00
   4.184597701149e+00
   4.209655172414e+00
   4.234712643678e+00
   4.259770114943e+00
   4.284827586207e+00
   4.309885057471e+00
   4.334942528736e+00
   4.360000000000e+00
   4.385057471264e+00
   4.410114942529e+00
   4.435172413793e+00
   4.460229885057e+00
   4.485287356322e+00
   4.510344827586e+00
   4.535402298851e+00
   4.560459770115e+00
   4.585517241379e+00
   4.610574712644e+00
   4.635632183908e+00
   4.660689655172e+00
   4.685747126437e+00
   4.710804597701e+00
   4.735862068966e+00
   4.760919540230e+00
   4.785977011494e+00
   4.811034482759e+00
   4.836091954023e+00
   4.861149425287e+00
   4.886206896552e+00
   4.911264367816e+00
   4.936321839080e+00
   4.961379310345e+00
   4.986436781609e+00
   5.011494252874e+00
   5.036551724138e+00
   5.061609195402e+00
   5.086666666667e+00
   5.111724137931e+00
   5.136781609195e+00
   5.161839080460e+00
   5.186896551724e+00
   5.211954022989e+00
   5.237011494253e+00
   5.262068965517e+00
   5.287126436782e+00
   5.312183908046e+00
   5.337241379310e+00
   5.362298850575e+00
   5.387356321839e+00
   5.412413793103e+00
   5.437471264368e+00
   5.462528735632e+00
   5.487586206897e+00
   5.512643678161e+00
   5.537701149425e+00
   5.562758620690e+00
   5.587816091954e+00
   5.612873563218e+00
   5.637931034483e+00
   5.662988505747e+00
   5.688045977011e+00
   5.713103448276e+00
   5.738160919540e+00
   5.763218390805e+00
   5.788275862069e+00
   5.813333333333e+00
   5.838390804598e+00
   5.863448275862e+00
   5.888505747126e+00
   5.913563218391e+00
   5.938620689655e+00
   5.963678160920e+00
   5.988735632184e+00
   6.013793103448e+00
   6.038850574713e+00
   6.063908045977e+00
   6.088965517241e+00
   6.114022988506e+00
   6.139080459770e+00
   6.164137931034e+00
   6.189195402299e+00
   6.214252873563e+00
   6.239310344828e+00
   6.264367816092e+00
   6.289425287356e+00
   6.314482758621e+00
   6.339540229885e+00
   6.364597701149e+00
   6.389655172414e+00
   6.414712643678e+00
   6.439770114943e+00
   6.464827586207e+00
   6.489885057471e+00
   6.514942528736e+00
   6.540000000000e+00
   6.565057471264e+00
   6.590114942529e+00
   6.615172413793e+00
   6.640229885057e+00
   6.665287356322e+00
   6.690344827586e+00
   6.715402298851e+00
   6.740459770115e+00
   6.765517241379e+00
   6.790574712644e+00
   6.815632183908e+00
   6.840689655172e+00
   6.865747126437e+00
   6.890804597701e+00
   6.915862068966e+00
   6.940919540230e+00
   6.965977011494e+00
   6.991034482759e+00
   7.016091954023e+00
   7.041149425287e+00
   7.066206896552e+00
   7.091264367816e+00
   7.116321839080e+00
   7.141379310345e+00
   7.166436781609e+00
   7.191494252874e+00
   7.216551724138e+00
   7.241609195402e+00
   7.266666666667e+00
   7.291724137931e+00
   7.316781609195e+00
   7.341839080460e+00
   7.366896551724e+00
   7.391954022989e+00
   7.417011494253e+00
   7.442068965517e+00
   7.467126436782e+00
   7.492183908046e+00
   7.517241379310e+00
