ARMA_MAT_TXT_FN008
200 1
   2.206896551724e-02
   4.413793103448e-02
   6.620689655172e-02
   8.827586206897e-02
   1.103448275862e-01
   1.324137931034e-01
   1.544827586207e-01
   1.765517241379e-01
   1.986206896552e-01
   2.206896551724e-01
   2.427586206897e-01
   2.648275862069e-01
   2.868965517241e-01
   3.089655172414e-01
   3.310344827586e-01
   3.531034482759e-01
   3.751724137931e-01
   3.972413793103e-01
   4.193103448276e-01
   4.413793103448e-01
   4.634482758621e-01
   4.855172413793e-01
   5.075862068966e-01
   5.296551724138e-01
   5.517241379310e-01
   5.737931034483e-01
   5.958620689655e-01
   6.179310344828e-01
   6.400000000000e-01
   6.620689655172e-01
   6.841379310345e-01
   7.062068965517e-01
   7.282758620690e-01
   7.503448275862e-01
   7.724137931034e-01
   7.944827586207e-01
   8.165517241379e-01
   8.386206896552e-01
   8.606896551724e-01
   8.827586206897e-01
   9.048275862069e-01
   9.268965517241e-01
   9.489655172414e-01
   9.710344827586e-01
   9.931034482759e-01
   1.015172413793e+00
   1.037241379310e+00
   1.059310344828e+00
   1.081379310345e+00
   1.103448275862e+00
   1.125517241379e+00
   1.147586206897e+00
   1.169655172414e+00
   1.191724137931e+00
   1.213793103448e+00
   1.235862068966e+00
   1.257931034483e+00
   1.280000000000e+00
   1.302068965517e+00
   1.324137931034e+00
   1.346206896552e+00
   1.368275862069e+00
   1.390344827586e+00
   1.412413793103e+00
   1.434482758621e+00
   1.456551724138e+00
   1.478620689655e+00
   1.500689655172e+00
   1.522758620690e+00
   1.544827586207e+00
   1.566896551724e+00
   1.588965517241e+00
   1.611034482759e+00
   1.633103448276e+00
   1.655172413793e+00
   1.677241379310e+00
   1.699310344828e+00
   1.721379310345e+00
   1.743448275862e+00
   1.765517241379e+00
   1.787586206897e+00
   1.809655172414e+00
   1.831724137931e+00
   1.853793103448e+00
   1.875862068966e+00
   1.897931034483e+00
   1.920000000000e+00
   1.942068965517e+00
   1.964137931034e+00
   1.986206896552e+00
   2.008275862069e+00
   2.030344827586e+00
   2.052413793103e+00
   2.074482758621e+00
   2.096551724138e+00
   2.118620689655e+00
   2.140689655172e+00
   2.162758620690e+00
   2.184827586207e+00
   2.206896551724e+00
   2.228965517241e+00
   2.251034482759e+00
   2.273103448276e+00
   2.295172413793e+00
   2.317241379310e+00
   2.339310344828e+00
   2.361379310345e+00
   2.383448275862e+00
   2.405517241379e+00
   2.427586206897e+00
   2.449655172414e+00
   2.471724137931e+00
   2.493793103448e+00
   2.515862068966e+00
   2.537931034483e+00
   2.560000000000e+00
   2.582068965517e+00
   2.604137931034e+00
   2.626206896552e+00
   2.648275862069e+00
   2.670344827586e+00
   2.692413793103e+00
   2.714482758621e+00
   2.736551724138e+00
   2.758620689655e+00
   2.780689655172e+00
   2.802758620690e+00
   2.824827586207e+00
   2.846896551724e+00
   2.868965517241e+00
   2.891034482759e+00
   2.913103448276e+00
   2.935172413793e+00
   2.957241379310e+00
   2.979310344828e+00
   3.001379310345e+00
   3.023448275862e+00
   3.045517241379e+00
   3.067586206897e+00
   3.089655172414e+00
   3.111724137931e+00
   3.133793103448e+00
   3.155862068966e+00
   3.177931034483e+00
   3.200000000000e+00
   3.222068965517e+00
   3.244137931034e+00
   3.266206896552e+00
   3.288275862069e+00
   3.310344827586e+00
   3.332413793103e+00
   3.354482758621e+00
   3.376551724138e+00
   3.398620689655e+00
   3.420689655172e+00
   3.442758620690e+00
   3.464827586207e+00
   3.486896551724e+00
   3.508965517241e+00
   3.531034482759e+00
   3.553103448276e+00
   3.575172413793e+00
   3.597241379310e+00
   3.619310344828e+00
   3.641379310345e+00
   3.663448275862e+00
   3.685517241379e+00
   3.707586206897e+00
   3.729655172414e+00
   3.751724137931e+00
   3.773793103448e+00
   3.795862068966e+00
   3.817931034483e+00
   3.840000000000e+00
   3.862068965517e+00
   3.884137931034e+00
   3.906206896552e+00
   3.928275862069e+00
   3.950344827586e+00
   3.972413793103e+00
   3.994482758621e+00
   4.016551724138e+00
   4.038620689655e+00
   4.060689655172e+00
   4.082758620690e+00
   4.104827586207e+00
   4.126896551724e+00
   4.148965517241e+00
   4.171034482759e+00
   4.193103448276e+00
   4.215172413793e+00
   4.237241379310e+00
   4.259310344828e+00
   4.281379310345e+00
   4.303448275862e+00
   4.325517241379e+00
   4.347586206897e+00
   4.369655172414e+00
   4.391724137931e+00
   4.413793103448e+00
