ARMA_MAT_TXT_FN008
375 1
   2.501149425287e-02
   5.002298850575e-02
   7.503448275862e-02
   1.000459770115e-01
   1.250574712644e-01
   1.500689655172e-01
   1.750804597701e-01
   2.000919540230e-01
   2.251034482759e-01
   2.501149425287e-01
   2.751264367816e-01
   3.001379310345e-01
   3.251494252874e-01
   3.501609195402e-01
   3.751724137931e-01
   4.001839080460e-01
   4.251954022989e-01
   4.502068965517e-01
   4.752183908046e-01
   5.002298850575e-01
   5.252413793103e-01
   5.502528735632e-01
   5.752643678161e-01
   6.002758620690e-01
   6.252873563218e-01
   6.502988505747e-01
   6.753103448276e-01
   7.003218390805e-01
   7.253333333333e-01
   7.503448275862e-01
   7.753563218391e-01
   8.003678160920e-01
   8.253793103448e-01
   8.503908045977e-01
   8.754022988506e-01
   9.004137931034e-01
   9.254252873563e-01
   9.504367816092e-01
   9.754482758621e-01
   1.000459770115e+00
   1.025471264368e+00
   1.050482758621e+00
   1.075494252874e+00
   1.100505747126e+00
   1.125517241379e+00
   1.150528735632e+00
   1.175540229885e+00
   1.200551724138e+00
   1.225563218391e+00
   1.250574712644e+00
   1.275586206897e+00
   1.300597701149e+00
   1.325609195402e+00
   1.350620689655e+00
   1.375632183908e+00
   1.400643678161e+00
   1.425655172414e+00
   1.450666666667e+00
   1.475678160920e+00
   1.500689655172e+00
   1.525701149425e+00
   1.550712643678e+00
   1.575724137931e+00
   1.600735632184e+00
   1.625747126437e+00
   1.650758620690e+00
   1.675770114943e+00
   1.700781609195e+00
   1.725793103448e+00
   1.750804597701e+00
   1.775816091954e+00
   1.800827586207e+00
   1.825839080460e+00
   1.850850574713e+00
   1.875862068966e+00
   1.900873563218e+00
   1.925885057471e+00
   1.950896551724e+00
   1.975908045977e+00
   2.000919540230e+00
   2.025931034483e+00
   2.050942528736e+00
   2.075954022989e+00
   2.100965517241e+00
   2.125977011494e+00
   2.150988505747e+00
   2.176000000000e+00
   2.201011494253e+00
   2.226022988506e+00
   2.251034482759e+00
   2.276045977011e+00
   2.301057471264e+00
   2.326068965517e+00
   2.351080459770e+00
   2.376091954023e+00
   2.401103448276e+00
   2.426114942529e+00
   2.451126436782e+00
   2.476137931034e+00
   2.501149425287e+00
   2.526160919540e+00
   2.551172413793e+00
   2.576183908046e+00
   2.601195402299e+00
   2.626206896552e+00
   2.651218390805e+00
   2.676229885057e+00
   2.701241379310e+00
   2.726252873563e+00
   2.751264367816e+00
   2.776275862069e+00
   2.801287356322e+00
   2.826298850575e+00
   2.851310344828e+00
   2.876321839080e+00
   2.901333333333e+00
   2.926344827586e+00
   2.951356321839e+00
   2.976367816092e+00
   3.001379310345e+00
   3.026390804598e+00
   3.051402298851e+00
   3.076413793103e+00
   3.101425287356e+00
   3.126436781609e+00
   3.151448275862e+00
   3.176459770115e+00
   3.201471264368e+00
   3.226482758621e+00
   3.251494252874e+00
   3.276505747126e+00
   3.301517241379e+00
   3.326528735632e+00
   3.351540229885e+00
   3.376551724138e+00
   3.401563218391e+00
   3.426574712644e+00
   3.451586206897e+00
   3.476597701149e+00
   3.501609195402e+00
   3.526620689655e+00
   3.551632183908e+00
   3.576643678161e+00
   3.601655172414e+00
   3.626666666667e+00
   3.651678160920e+00
   3.676689655172e+00
   3.701701149425e+00
   3.726712643678e+00
   3.751724137931e+00
   3.776735632184e+00
   3.801747126437e+00
   3.826758620690e+00
   3.851770114943e+00
   3.876781609195e+00
   3.901793103448e+00
   3.926804597701e+00
   3.951816091954e+00
   3.976827586207e+00
   4.001839080460e+00
   4.026850574713e+00
   4.051862068966e+00
   4.076873563218e+00
   4.101885057471e+00
   4.126896551724e+00
   4.151908045977e+00
   4.176919540230e+00
   4.201931034483e+00
   4.226942528736e+00
   4.251954022989e+00
   4.276965517241e+00
   4.301977011494e+00
   4.326988505747e+00
   4.352000000000e+00
   4.377011494253e+00
   4.402022988506e+00
   4.427034482759e+00
   4.452045977011e+00
   4.477057471264e+00
   4.502068965517e+00
   4.527080459770e+00
   4.552091954023e+00
   4.577103448276e+00
   4.602114942529e+00
   4.627126436782e+00
   4.652137931034e+00
   4.677149425287e+00
   4.702160919540e+00
   4.727172413793e+00
   4.752183908046e+00
   4.777195402299e+00
   4.802206896552e+00
   4.827218390805e+00
   4.852229885057e+00
   4.877241379310e+00
   4.902252873563e+00
   4.927264367816e+00
   4.952275862069e+00
   4.977287356322e+00
   5.002298850575e+00
   5.027310344828e+00
   5.052321839080e+00
   5.077333333333e+00
   5.102344827586e+00
   5.127356321839e+00
   5.152367816092e+00
   5.177379310345e+00
   5.202390804598e+00
   5.227402298851e+00
   5.252413793103e+00
   5.277425287356e+00
   5.302436781609e+00
   5.327448275862e+00
   5.352459770115e+00
   5.377471264368e+00
   5.402482758621e+00
   5.427494252874e+00
   5.452505747126e+00
   5.477517241379e+00
   5.502528735632e+00
   5.527540229885e+00
   5.552551724138e+00
   5.577563218391e+00
   5.602574712644e+00
   5.627586206897e+00
   5.652597701149e+00
   5.677609195402e+00
   5.702620689655e+00
   5.727632183908e+00
   5.752643678161e+00
   5.777655172414e+00
   5.802666666667e+00
   5.827678160920e+00
   5.852689655172e+00
   5.877701149425e+00
   5.902712643678e+00
   5.927724137931e+00
   5.952735632184e+00
   5.977747126437e+00
   6.002758620690e+00
   6.027770114943e+00
   6.052781609195e+00
   6.077793103448e+00
   6.102804597701e+00
   6.127816091954e+00
   6.152827586207e+00
   6.177839080460e+00
   6.202850574713e+00
   6.227862068966e+00
   6.252873563218e+00
   6.277885057471e+00
   6.302896551724e+00
   6.327908045977e+00
   6.352919540230e+00
   6.377931034483e+00
   6.402942528736e+00
   6.427954022989e+00
   6.452965517241e+00
   6.477977011494e+00
   6.502988505747e+00
   6.528000000000e+00
   6.553011494253e+00
   6.578022988506e+00
   6.603034482759e+00
   6.628045977011e+00
   6.653057471264e+00
   6.678068965517e+00
   6.703080459770e+00
   6.728091954023e+00
   6.753103448276e+00
   6.778114942529e+00
   6.803126436782e+00
   6.828137931034e+00
   6.853149425287e+00
   6.878160919540e+00
   6.903172413793e+00
   6.928183908046e+00
   6.953195402299e+00
   6.978206896552e+00
   7.003218390805e+00
   7.028229885057e+00
   7.053241379310e+00
   7.078252873563e+00
   7.103264367816e+00
   7.128275862069e+00
   7.153287356322e+00
   7.178298850575e+00
   7.203310344828e+00
   7.228321839080e+00
   7.253333333333e+00
   7.278344827586e+00
   7.303356321839e+00
   7.328367816092e+00
   7.353379310345e+00
   7.378390804598e+00
   7.403402298851e+00
   7.428413793103e+00
   7.453425287356e+00
   7.478436781609e+00
   7.503448275862e+00
   7.528459770115e+00
   7.553471264368e+00
   7.578482758621e+00
   7.603494252874e+00
   7.628505747126e+00
   7.653517241379e+00
   7.678528735632e+00
   7.703540229885e+00
   7.728551724138e+00
   7.753563218391e+00
   7.778574712644e+00
   7.803586206897e+00
   7.828597701149e+00
   7.853609195402e+00
   7.878620689655e+00
   7.903632183908e+00
   7.928643678161e+00
   7.953655172414e+00
   7.978666666667e+00
   8.003678160920e+00
   8.028689655172e+00
   8.053701149425e+00
   8.078712643678e+00
   8.103724137931e+00
   8.128735632184e+00
   8.153747126437e+00
   8.178758620690e+00
   8.203770114943e+00
   8.228781609195e+00
   8.253793103448e+00
   8.278804597701e+00
   8.303816091954e+00
   8.328827586207e+00
   8.353839080460e+00
   8.378850574713e+00
   8.403862068966e+00
   8.428873563218e+00
   8.453885057471e+00
   8.478896551724e+00
   8.503908045977e+00
   8.528919540230e+00
   8.553931034483e+00
   8.578942528736e+00
   8.603954022989e+00
   8.628965517241e+00
   8.653977011494e+00
   8.678988505747e+00
   8.704000000000e+00
   8.729011494253e+00
   8.754022988506e+00
   8.779034482759e+00
   8.804045977011e+00
   8.829057471264e+00
   8.854068965517e+00
   8.879080459770e+00
   8.904091954023e+00
   8.929103448276e+00
   8.954114942529e+00
   8.979126436782e+00
   9.004137931034e+00
   9.029149425287e+00
   9.054160919540e+00
   9.079172413793e+00
   9.104183908046e+00
   9.129195402299e+00
   9.154206896552e+00
   9.179218390805e+00
   9.204229885057e+00
   9.229241379310e+00
   9.254252873563e+00
   9.279264367816e+00
   9.304275862069e+00
   9.329287356322e+00
   9.354298850575e+00
   9.379310344828e+00
