ARMA_MAT_TXT_FN008
200 1
   1.275862068966e-02
   2.551724137931e-02
   3.827586206897e-02
   5.103448275862e-02
   6.379310344828e-02
   7.655172413793e-02
   8.931034482759e-02
   1.020689655172e-01
   1.148275862069e-01
   1.275862068966e-01
   1.403448275862e-01
   1.531034482759e-01
   1.658620689655e-01
   1.786206896552e-01
   1.913793103448e-01
   2.041379310345e-01
   2.168965517241e-01
   2.296551724138e-01
   2.424137931034e-01
   2.551724137931e-01
   2.679310344828e-01
   2.806896551724e-01
   2.934482758621e-01
   3.062068965517e-01
   3.189655172414e-01
   3.317241379310e-01
   3.444827586207e-01
   3.572413793103e-01
   3.700000000000e-01
   3.827586206897e-01
   3.955172413793e-01
   4.082758620690e-01
   4.210344827586e-01
   4.337931034483e-01
   4.465517241379e-01
   4.593103448276e-01
   4.720689655172e-01
   4.848275862069e-01
   4.975862068966e-01
   5.103448275862e-01
   5.231034482759e-01
   5.358620689655e-01
   5.486206896552e-01
   5.613793103448e-01
   5.741379310345e-01
   5.868965517241e-01
   5.996551724138e-01
   6.124137931034e-01
   6.251724137931e-01
   6.379310344828e-01
   6.506896551724e-01
   6.634482758621e-01
   6.762068965517e-01
   6.889655172414e-01
   7.017241379310e-01
   7.144827586207e-01
   7.272413793103e-01
   7.400000000000e-01
   7.527586206897e-01
   7.655172413793e-01
   7.782758620690e-01
   7.910344827586e-01
   8.037931034483e-01
   8.165517241379e-01
   8.293103448276e-01
   8.420689655172e-01
   8.548275862069e-01
   8.675862068966e-01
   8.803448275862e-01
   8.931034482759e-01
   9.058620689655e-01
   9.186206896552e-01
   9.313793103448e-01
   9.441379310345e-01
   9.568965517241e-01
   9.696551724138e-01
   9.824137931034e-01
   9.951724137931e-01
   1.007931034483e+00
   1.020689655172e+00
   1.033448275862e+00
   1.046206896552e+00
   1.058965517241e+00
   1.071724137931e+00
   1.084482758621e+00
   1.097241379310e+00
   1.110000000000e+00
   1.122758620690e+00
   1.135517241379e+00
   1.148275862069e+00
   1.161034482759e+00
   1.173793103448e+00
   1.186551724138e+00
   1.199310344828e+00
   1.212068965517e+00
   1.224827586207e+00
   1.237586206897e+00
   1.250344827586e+00
   1.263103448276e+00
   1.275862068966e+00
   1.288620689655e+00
   1.301379310345e+00
   1.314137931034e+00
   1.326896551724e+00
   1.339655172414e+00
   1.352413793103e+00
   1.365172413793e+00
   1.377931034483e+00
   1.390689655172e+00
   1.403448275862e+00
   1.416206896552e+00
   1.428965517241e+00
   1.441724137931e+00
   1.454482758621e+00
   1.467241379310e+00
   1.480000000000e+00
   1.492758620690e+00
   1.505517241379e+00
   1.518275862069e+00
   1.531034482759e+00
   1.543793103448e+00
   1.556551724138e+00
   1.569310344828e+00
   1.582068965517e+00
   1.594827586207e+00
   1.607586206897e+00
   1.620344827586e+00
   1.633103448276e+00
   1.645862068966e+00
   1.658620689655e+00
   1.671379310345e+00
   1.684137931034e+00
   1.696896551724e+00
   1.709655172414e+00
   1.722413793103e+00
   1.735172413793e+00
   1.747931034483e+00
   1.760689655172e+00
   1.773448275862e+00
   1.786206896552e+00
   1.798965517241e+00
   1.811724137931e+00
   1.824482758621e+00
   1.837241379310e+00
   1.850000000000e+00
   1.862758620690e+00
   1.875517241379e+00
   1.888275862069e+00
   1.901034482759e+00
   1.913793103448e+00
   1.926551724138e+00
   1.939310344828e+00
   1.952068965517e+00
   1.964827586207e+00
   1.977586206897e+00
   1.990344827586e+00
   2.003103448276e+00
   2.015862068966e+00
   2.028620689655e+00
   2.041379310345e+00
   2.054137931034e+00
   2.066896551724e+00
   2.079655172414e+00
   2.092413793103e+00
   2.105172413793e+00
   2.117931034483e+00
   2.130689655172e+00
   2.143448275862e+00
   2.156206896552e+00
   2.168965517241e+00
   2.181724137931e+00
   2.194482758621e+00
   2.207241379310e+00
   2.220000000000e+00
   2.232758620690e+00
   2.245517241379e+00
   2.258275862069e+00
   2.271034482759e+00
   2.283793103448e+00
   2.296551724138e+00
   2.309310344828e+00
   2.322068965517e+00
   2.334827586207e+00
   2.347586206897e+00
   2.360344827586e+00
   2.373103448276e+00
   2.385862068966e+00
   2.398620689655e+00
   2.411379310345e+00
   2.424137931034e+00
   2.436896551724e+00
   2.449655172414e+00
   2.462413793103e+00
   2.475172413793e+00
   2.487931034483e+00
   2.500689655172e+00
   2.513448275862e+00
   2.526206896552e+00
   2.538965517241e+00
   2.551724137931e+00
