ARMA_MAT_TXT_FN008
200 1
   2.750000000000e-02
   5.500000000000e-02
   8.250000000000e-02
   1.100000000000e-01
   1.375000000000e-01
   1.650000000000e-01
   1.925000000000e-01
   2.200000000000e-01
   2.475000000000e-01
   2.750000000000e-01
   3.025000000000e-01
   3.300000000000e-01
   3.575000000000e-01
   3.850000000000e-01
   4.125000000000e-01
   4.400000000000e-01
   4.675000000000e-01
   4.950000000000e-01
   5.225000000000e-01
   5.500000000000e-01
   5.775000000000e-01
   6.050000000000e-01
   6.325000000000e-01
   6.600000000000e-01
   6.875000000000e-01
   7.150000000000e-01
   7.425000000000e-01
   7.700000000000e-01
   7.975000000000e-01
   8.250000000000e-01
   8.525000000000e-01
   8.800000000000e-01
   9.075000000000e-01
   9.350000000000e-01
   9.625000000000e-01
   9.900000000000e-01
   1.017500000000e+00
   1.045000000000e+00
   1.072500000000e+00
   1.100000000000e+00
   1.127500000000e+00
   1.155000000000e+00
   1.182500000000e+00
   1.210000000000e+00
   1.237500000000e+00
   1.265000000000e+00
   1.292500000000e+00
   1.320000000000e+00
   1.347500000000e+00
   1.375000000000e+00
   1.402500000000e+00
   1.430000000000e+00
   1.457500000000e+00
   1.485000000000e+00
   1.512500000000e+00
   1.540000000000e+00
   1.567500000000e+00
   1.595000000000e+00
   1.622500000000e+00
   1.650000000000e+00
   1.677500000000e+00
   1.705000000000e+00
   1.732500000000e+00
   1.760000000000e+00
   1.787500000000e+00
   1.815000000000e+00
   1.842500000000e+00
   1.870000000000e+00
   1.897500000000e+00
   1.925000000000e+00
   1.952500000000e+00
   1.980000000000e+00
   2.007500000000e+00
   2.035000000000e+00
   2.062500000000e+00
   2.090000000000e+00
   2.117500000000e+00
   2.145000000000e+00
   2.172500000000e+00
   2.200000000000e+00
   2.227500000000e+00
   2.255000000000e+00
   2.282500000000e+00
   2.310000000000e+00
   2.337500000000e+00
   2.365000000000e+00
   2.392500000000e+00
   2.420000000000e+00
   2.447500000000e+00
   2.475000000000e+00
   2.502500000000e+00
   2.530000000000e+00
   2.557500000000e+00
   2.585000000000e+00
   2.612500000000e+00
   2.640000000000e+00
   2.667500000000e+00
   2.695000000000e+00
   2.722500000000e+00
   2.750000000000e+00
   2.777500000000e+00
   2.805000000000e+00
   2.832500000000e+00
   2.860000000000e+00
   2.887500000000e+00
   2.915000000000e+00
   2.942500000000e+00
   2.970000000000e+00
   2.997500000000e+00
   3.025000000000e+00
   3.052500000000e+00
   3.080000000000e+00
   3.107500000000e+00
   3.135000000000e+00
   3.162500000000e+00
   3.190000000000e+00
   3.217500000000e+00
   3.245000000000e+00
   3.272500000000e+00
   3.300000000000e+00
   3.327500000000e+00
   3.355000000000e+00
   3.382500000000e+00
   3.410000000000e+00
   3.437500000000e+00
   3.465000000000e+00
   3.492500000000e+00
   3.520000000000e+00
   3.547500000000e+00
   3.575000000000e+00
   3.602500000000e+00
   3.630000000000e+00
   3.657500000000e+00
   3.685000000000e+00
   3.712500000000e+00
   3.740000000000e+00
   3.767500000000e+00
   3.795000000000e+00
   3.822500000000e+00
   3.850000000000e+00
   3.877500000000e+00
   3.905000000000e+00
   3.932500000000e+00
   3.960000000000e+00
   3.987500000000e+00
   4.015000000000e+00
   4.042500000000e+00
   4.070000000000e+00
   4.097500000000e+00
   4.125000000000e+00
   4.152500000000e+00
   4.180000000000e+00
   4.207500000000e+00
   4.235000000000e+00
   4.262500000000e+00
   4.290000000000e+00
   4.317500000000e+00
   4.345000000000e+00
   4.372500000000e+00
   4.400000000000e+00
   4.427500000000e+00
   4.455000000000e+00
   4.482500000000e+00
   4.510000000000e+00
   4.537500000000e+00
   4.565000000000e+00
   4.592500000000e+00
   4.620000000000e+00
   4.647500000000e+00
   4.675000000000e+00
   4.702500000000e+00
   4.730000000000e+00
   4.757500000000e+00
   4.785000000000e+00
   4.812500000000e+00
   4.840000000000e+00
   4.867500000000e+00
   4.895000000000e+00
   4.922500000000e+00
   4.950000000000e+00
   4.977500000000e+00
   5.005000000000e+00
   5.032500000000e+00
   5.060000000000e+00
   5.087500000000e+00
   5.115000000000e+00
   5.142500000000e+00
   5.170000000000e+00
   5.197500000000e+00
   5.225000000000e+00
   5.252500000000e+00
   5.280000000000e+00
   5.307500000000e+00
   5.335000000000e+00
   5.362500000000e+00
   5.390000000000e+00
   5.417500000000e+00
   5.445000000000e+00
   5.472500000000e+00
   5.500000000000e+00
