ARMA_MAT_TXT_FN008
260 1
   1.923076923077e-02
   3.846153846154e-02
   5.769230769231e-02
   7.692307692308e-02
   9.615384615385e-02
   1.153846153846e-01
   1.346153846154e-01
   1.538461538462e-01
   1.730769230769e-01
   1.923076923077e-01
   2.115384615385e-01
   2.307692307692e-01
   2.500000000000e-01
   2.692307692308e-01
   2.884615384615e-01
   3.076923076923e-01
   3.269230769231e-01
   3.461538461538e-01
   3.653846153846e-01
   3.846153846154e-01
   4.038461538462e-01
   4.230769230769e-01
   4.423076923077e-01
   4.615384615385e-01
   4.807692307692e-01
   5.000000000000e-01
   5.192307692308e-01
   5.384615384615e-01
   5.576923076923e-01
   5.769230769231e-01
   5.961538461538e-01
   6.153846153846e-01
   6.346153846154e-01
   6.538461538462e-01
   6.730769230769e-01
   6.923076923077e-01
   7.115384615385e-01
   7.307692307692e-01
   7.500000000000e-01
   7.692307692308e-01
   7.884615384615e-01
   8.076923076923e-01
   8.269230769231e-01
   8.461538461538e-01
   8.653846153846e-01
   8.846153846154e-01
   9.038461538462e-01
   9.230769230769e-01
   9.423076923077e-01
   9.615384615385e-01
   9.807692307692e-01
   1.000000000000e+00
   1.019230769231e+00
   1.038461538462e+00
   1.057692307692e+00
   1.076923076923e+00
   1.096153846154e+00
   1.115384615385e+00
   1.134615384615e+00
   1.153846153846e+00
   1.173076923077e+00
   1.192307692308e+00
   1.211538461538e+00
   1.230769230769e+00
   1.250000000000e+00
   1.269230769231e+00
   1.288461538462e+00
   1.307692307692e+00
   1.326923076923e+00
   1.346153846154e+00
   1.365384615385e+00
   1.384615384615e+00
   1.403846153846e+00
   1.423076923077e+00
   1.442307692308e+00
   1.461538461538e+00
   1.480769230769e+00
   1.500000000000e+00
   1.519230769231e+00
   1.538461538462e+00
   1.557692307692e+00
   1.576923076923e+00
   1.596153846154e+00
   1.615384615385e+00
   1.634615384615e+00
   1.653846153846e+00
   1.673076923077e+00
   1.692307692308e+00
   1.711538461538e+00
   1.730769230769e+00
   1.750000000000e+00
   1.769230769231e+00
   1.788461538462e+00
   1.807692307692e+00
   1.826923076923e+00
   1.846153846154e+00
   1.865384615385e+00
   1.884615384615e+00
   1.903846153846e+00
   1.923076923077e+00
   1.942307692308e+00
   1.961538461538e+00
   1.980769230769e+00
   2.000000000000e+00
   2.019230769231e+00
   2.038461538462e+00
   2.057692307692e+00
   2.076923076923e+00
   2.096153846154e+00
   2.115384615385e+00
   2.134615384615e+00
   2.153846153846e+00
   2.173076923077e+00
   2.192307692308e+00
   2.211538461538e+00
   2.230769230769e+00
   2.250000000000e+00
   2.269230769231e+00
   2.288461538462e+00
   2.307692307692e+00
   2.326923076923e+00
   2.346153846154e+00
   2.365384615385e+00
   2.384615384615e+00
   2.403846153846e+00
   2.423076923077e+00
   2.442307692308e+00
   2.461538461538e+00
   2.480769230769e+00
   2.500000000000e+00
   2.519230769231e+00
   2.538461538462e+00
   2.557692307692e+00
   2.576923076923e+00
   2.596153846154e+00
   2.615384615385e+00
   2.634615384615e+00
   2.653846153846e+00
   2.673076923077e+00
   2.692307692308e+00
   2.711538461538e+00
   2.730769230769e+00
   2.750000000000e+00
   2.769230769231e+00
   2.788461538462e+00
   2.807692307692e+00
   2.826923076923e+00
   2.846153846154e+00
   2.865384615385e+00
   2.884615384615e+00
   2.903846153846e+00
   2.923076923077e+00
   2.942307692308e+00
   2.961538461538e+00
   2.980769230769e+00
   3.000000000000e+00
   3.019230769231e+00
   3.038461538462e+00
   3.057692307692e+00
   3.076923076923e+00
   3.096153846154e+00
   3.115384615385e+00
   3.134615384615e+00
   3.153846153846e+00
   3.173076923077e+00
   3.192307692308e+00
   3.211538461538e+00
   3.230769230769e+00
   3.250000000000e+00
   3.269230769231e+00
   3.288461538462e+00
   3.307692307692e+00
   3.326923076923e+00
   3.346153846154e+00
   3.365384615385e+00
   3.384615384615e+00
   3.403846153846e+00
   3.423076923077e+00
   3.442307692308e+00
   3.461538461538e+00
   3.480769230769e+00
   3.500000000000e+00
   3.519230769231e+00
   3.538461538462e+00
   3.557692307692e+00
   3.576923076923e+00
   3.596153846154e+00
   3.615384615385e+00
   3.634615384615e+00
   3.653846153846e+00
   3.673076923077e+00
   3.692307692308e+00
   3.711538461538e+00
   3.730769230769e+00
   3.750000000000e+00
   3.769230769231e+00
   3.788461538462e+00
   3.807692307692e+00
   3.826923076923e+00
   3.846153846154e+00
   3.865384615385e+00
   3.884615384615e+00
   3.903846153846e+00
   3.923076923077e+00
   3.942307692308e+00
   3.961538461538e+00
   3.980769230769e+00
   4.000000000000e+00
   4.019230769231e+00
   4.038461538462e+00
   4.057692307692e+00
   4.076923076923e+00
   4.096153846154e+00
   4.115384615385e+00
   4.134615384615e+00
   4.153846153846e+00
   4.173076923077e+00
   4.192307692308e+00
   4.211538461538e+00
   4.230769230769e+00
   4.250000000000e+00
   4.269230769231e+00
   4.288461538462e+00
   4.307692307692e+00
   4.326923076923e+00
   4.346153846154e+00
   4.365384615385e+00
   4.384615384615e+00
   4.403846153846e+00
   4.423076923077e+00
   4.442307692308e+00
   4.461538461538e+00
   4.480769230769e+00
   4.500000000000e+00
   4.519230769231e+00
   4.538461538462e+00
   4.557692307692e+00
   4.576923076923e+00
   4.596153846154e+00
   4.615384615385e+00
   4.634615384615e+00
   4.653846153846e+00
   4.673076923077e+00
   4.692307692308e+00
   4.711538461538e+00
   4.730769230769e+00
   4.750000000000e+00
   4.769230769231e+00
   4.788461538462e+00
   4.807692307692e+00
   4.826923076923e+00
   4.846153846154e+00
   4.865384615385e+00
   4.884615384615e+00
   4.903846153846e+00
   4.923076923077e+00
   4.942307692308e+00
   4.961538461538e+00
   4.980769230769e+00
   5.000000000000e+00
