ARMA_MAT_TXT_FN008
80 1
   2.801724137931e-02
   5.603448275862e-02
   8.405172413793e-02
   1.120689655172e-01
   1.400862068966e-01
   1.681034482759e-01
   1.961206896552e-01
   2.241379310345e-01
   2.521551724138e-01
   2.801724137931e-01
   3.081896551724e-01
   3.362068965517e-01
   3.642241379310e-01
   3.922413793103e-01
   4.202586206897e-01
   4.482758620690e-01
   4.762931034483e-01
   5.043103448276e-01
   5.323275862069e-01
   5.603448275862e-01
   5.883620689655e-01
   6.163793103448e-01
   6.443965517241e-01
   6.724137931034e-01
   7.004310344828e-01
   7.284482758621e-01
   7.564655172414e-01
   7.844827586207e-01
   8.125000000000e-01
   8.405172413793e-01
   8.685344827586e-01
   8.965517241379e-01
   9.245689655172e-01
   9.525862068966e-01
   9.806034482759e-01
   1.008620689655e+00
   1.036637931034e+00
   1.064655172414e+00
   1.092672413793e+00
   1.120689655172e+00
   1.148706896552e+00
   1.176724137931e+00
   1.204741379310e+00
   1.232758620690e+00
   1.260775862069e+00
   1.288793103448e+00
   1.316810344828e+00
   1.344827586207e+00
   1.372844827586e+00
   1.400862068966e+00
   1.428879310345e+00
   1.456896551724e+00
   1.484913793103e+00
   1.512931034483e+00
   1.540948275862e+00
   1.568965517241e+00
   1.596982758621e+00
   1.625000000000e+00
   1.653017241379e+00
   1.681034482759e+00
   1.709051724138e+00
   1.737068965517e+00
   1.765086206897e+00
   1.793103448276e+00
   1.821120689655e+00
   1.849137931034e+00
   1.877155172414e+00
   1.905172413793e+00
   1.933189655172e+00
   1.961206896552e+00
   1.989224137931e+00
   2.017241379310e+00
   2.045258620690e+00
   2.073275862069e+00
   2.101293103448e+00
   2.129310344828e+00
   2.157327586207e+00
   2.185344827586e+00
   2.213362068966e+00
   2.241379310345e+00
