ARMA_MAT_TXT_FN008
200 1
   4.550000000000e-02
   9.100000000000e-02
   1.365000000000e-01
   1.820000000000e-01
   2.275000000000e-01
   2.730000000000e-01
   3.185000000000e-01
   3.640000000000e-01
   4.095000000000e-01
   4.550000000000e-01
   5.005000000000e-01
   5.460000000000e-01
   5.915000000000e-01
   6.370000000000e-01
   6.825000000000e-01
   7.280000000000e-01
   7.735000000000e-01
   8.190000000000e-01
   8.645000000000e-01
   9.100000000000e-01
   9.555000000000e-01
   1.001000000000e+00
   1.046500000000e+00
   1.092000000000e+00
   1.137500000000e+00
   1.183000000000e+00
   1.228500000000e+00
   1.274000000000e+00
   1.319500000000e+00
   1.365000000000e+00
   1.410500000000e+00
   1.456000000000e+00
   1.501500000000e+00
   1.547000000000e+00
   1.592500000000e+00
   1.638000000000e+00
   1.683500000000e+00
   1.729000000000e+00
   1.774500000000e+00
   1.820000000000e+00
   1.865500000000e+00
   1.911000000000e+00
   1.956500000000e+00
   2.002000000000e+00
   2.047500000000e+00
   2.093000000000e+00
   2.138500000000e+00
   2.184000000000e+00
   2.229500000000e+00
   2.275000000000e+00
   2.320500000000e+00
   2.366000000000e+00
   2.411500000000e+00
   2.457000000000e+00
   2.502500000000e+00
   2.548000000000e+00
   2.593500000000e+00
   2.639000000000e+00
   2.684500000000e+00
   2.730000000000e+00
   2.775500000000e+00
   2.821000000000e+00
   2.866500000000e+00
   2.912000000000e+00
   2.957500000000e+00
   3.003000000000e+00
   3.048500000000e+00
   3.094000000000e+00
   3.139500000000e+00
   3.185000000000e+00
   3.230500000000e+00
   3.276000000000e+00
   3.321500000000e+00
   3.367000000000e+00
   3.412500000000e+00
   3.458000000000e+00
   3.503500000000e+00
   3.549000000000e+00
   3.594500000000e+00
   3.640000000000e+00
   3.685500000000e+00
   3.731000000000e+00
   3.776500000000e+00
   3.822000000000e+00
   3.867500000000e+00
   3.913000000000e+00
   3.958500000000e+00
   4.004000000000e+00
   4.049500000000e+00
   4.095000000000e+00
   4.140500000000e+00
   4.186000000000e+00
   4.231500000000e+00
   4.277000000000e+00
   4.322500000000e+00
   4.368000000000e+00
   4.413500000000e+00
   4.459000000000e+00
   4.504500000000e+00
   4.550000000000e+00
   4.595500000000e+00
   4.641000000000e+00
   4.686500000000e+00
   4.732000000000e+00
   4.777500000000e+00
   4.823000000000e+00
   4.868500000000e+00
   4.914000000000e+00
   4.959500000000e+00
   5.005000000000e+00
   5.050500000000e+00
   5.096000000000e+00
   5.141500000000e+00
   5.187000000000e+00
   5.232500000000e+00
   5.278000000000e+00
   5.323500000000e+00
   5.369000000000e+00
   5.414500000000e+00
   5.460000000000e+00
   5.505500000000e+00
   5.551000000000e+00
   5.596500000000e+00
   5.642000000000e+00
   5.687500000000e+00
   5.733000000000e+00
   5.778500000000e+00
   5.824000000000e+00
   5.869500000000e+00
   5.915000000000e+00
   5.960500000000e+00
   6.006000000000e+00
   6.051500000000e+00
   6.097000000000e+00
   6.142500000000e+00
   6.188000000000e+00
   6.233500000000e+00
   6.279000000000e+00
   6.324500000000e+00
   6.370000000000e+00
   6.415500000000e+00
   6.461000000000e+00
   6.506500000000e+00
   6.552000000000e+00
   6.597500000000e+00
   6.643000000000e+00
   6.688500000000e+00
   6.734000000000e+00
   6.779500000000e+00
   6.825000000000e+00
   6.870500000000e+00
   6.916000000000e+00
   6.961500000000e+00
   7.007000000000e+00
   7.052500000000e+00
   7.098000000000e+00
   7.143500000000e+00
   7.189000000000e+00
   7.234500000000e+00
   7.280000000000e+00
   7.325500000000e+00
   7.371000000000e+00
   7.416500000000e+00
   7.462000000000e+00
   7.507500000000e+00
   7.553000000000e+00
   7.598500000000e+00
   7.644000000000e+00
   7.689500000000e+00
   7.735000000000e+00
   7.780500000000e+00
   7.826000000000e+00
   7.871500000000e+00
   7.917000000000e+00
   7.962500000000e+00
   8.008000000000e+00
   8.053500000000e+00
   8.099000000000e+00
   8.144500000000e+00
   8.190000000000e+00
   8.235500000000e+00
   8.281000000000e+00
   8.326500000000e+00
   8.372000000000e+00
   8.417500000000e+00
   8.463000000000e+00
   8.508500000000e+00
   8.554000000000e+00
   8.599500000000e+00
   8.645000000000e+00
   8.690500000000e+00
   8.736000000000e+00
   8.781500000000e+00
   8.827000000000e+00
   8.872500000000e+00
   8.918000000000e+00
   8.963500000000e+00
   9.009000000000e+00
   9.054500000000e+00
   9.100000000000e+00
