ARMA_MAT_TXT_FN008
200 1
   4.844827586207e-02
   9.689655172414e-02
   1.453448275862e-01
   1.937931034483e-01
   2.422413793103e-01
   2.906896551724e-01
   3.391379310345e-01
   3.875862068966e-01
   4.360344827586e-01
   4.844827586207e-01
   5.329310344828e-01
   5.813793103448e-01
   6.298275862069e-01
   6.782758620690e-01
   7.267241379310e-01
   7.751724137931e-01
   8.236206896552e-01
   8.720689655172e-01
   9.205172413793e-01
   9.689655172414e-01
   1.017413793103e+00
   1.065862068966e+00
   1.114310344828e+00
   1.162758620690e+00
   1.211206896552e+00
   1.259655172414e+00
   1.308103448276e+00
   1.356551724138e+00
   1.405000000000e+00
   1.453448275862e+00
   1.501896551724e+00
   1.550344827586e+00
   1.598793103448e+00
   1.647241379310e+00
   1.695689655172e+00
   1.744137931034e+00
   1.792586206897e+00
   1.841034482759e+00
   1.889482758621e+00
   1.937931034483e+00
   1.986379310345e+00
   2.034827586207e+00
   2.083275862069e+00
   2.131724137931e+00
   2.180172413793e+00
   2.228620689655e+00
   2.277068965517e+00
   2.325517241379e+00
   2.373965517241e+00
   2.422413793103e+00
   2.470862068966e+00
   2.519310344828e+00
   2.567758620690e+00
   2.616206896552e+00
   2.664655172414e+00
   2.713103448276e+00
   2.761551724138e+00
   2.810000000000e+00
   2.858448275862e+00
   2.906896551724e+00
   2.955344827586e+00
   3.003793103448e+00
   3.052241379310e+00
   3.100689655172e+00
   3.149137931034e+00
   3.197586206897e+00
   3.246034482759e+00
   3.294482758621e+00
   3.342931034483e+00
   3.391379310345e+00
   3.439827586207e+00
   3.488275862069e+00
   3.536724137931e+00
   3.585172413793e+00
   3.633620689655e+00
   3.682068965517e+00
   3.730517241379e+00
   3.778965517241e+00
   3.827413793103e+00
   3.875862068966e+00
   3.924310344828e+00
   3.972758620690e+00
   4.021206896552e+00
   4.069655172414e+00
   4.118103448276e+00
   4.166551724138e+00
   4.215000000000e+00
   4.263448275862e+00
   4.311896551724e+00
   4.360344827586e+00
   4.408793103448e+00
   4.457241379310e+00
   4.505689655172e+00
   4.554137931034e+00
   4.602586206897e+00
   4.651034482759e+00
   4.699482758621e+00
   4.747931034483e+00
   4.796379310345e+00
   4.844827586207e+00
   4.893275862069e+00
   4.941724137931e+00
   4.990172413793e+00
   5.038620689655e+00
   5.087068965517e+00
   5.135517241379e+00
   5.183965517241e+00
   5.232413793103e+00
   5.280862068966e+00
   5.329310344828e+00
   5.377758620690e+00
   5.426206896552e+00
   5.474655172414e+00
   5.523103448276e+00
   5.571551724138e+00
   5.620000000000e+00
   5.668448275862e+00
   5.716896551724e+00
   5.765344827586e+00
   5.813793103448e+00
   5.862241379310e+00
   5.910689655172e+00
   5.959137931034e+00
   6.007586206897e+00
   6.056034482759e+00
   6.104482758621e+00
   6.152931034483e+00
   6.201379310345e+00
   6.249827586207e+00
   6.298275862069e+00
   6.346724137931e+00
   6.395172413793e+00
   6.443620689655e+00
   6.492068965517e+00
   6.540517241379e+00
   6.588965517241e+00
   6.637413793103e+00
   6.685862068966e+00
   6.734310344828e+00
   6.782758620690e+00
   6.831206896552e+00
   6.879655172414e+00
   6.928103448276e+00
   6.976551724138e+00
   7.025000000000e+00
   7.073448275862e+00
   7.121896551724e+00
   7.170344827586e+00
   7.218793103448e+00
   7.267241379310e+00
   7.315689655172e+00
   7.364137931034e+00
   7.412586206897e+00
   7.461034482759e+00
   7.509482758621e+00
   7.557931034483e+00
   7.606379310345e+00
   7.654827586207e+00
   7.703275862069e+00
   7.751724137931e+00
   7.800172413793e+00
   7.848620689655e+00
   7.897068965517e+00
   7.945517241379e+00
   7.993965517241e+00
   8.042413793103e+00
   8.090862068966e+00
   8.139310344828e+00
   8.187758620690e+00
   8.236206896552e+00
   8.284655172414e+00
   8.333103448276e+00
   8.381551724138e+00
   8.430000000000e+00
   8.478448275862e+00
   8.526896551724e+00
   8.575344827586e+00
   8.623793103448e+00
   8.672241379310e+00
   8.720689655172e+00
   8.769137931034e+00
   8.817586206897e+00
   8.866034482759e+00
   8.914482758621e+00
   8.962931034483e+00
   9.011379310345e+00
   9.059827586207e+00
   9.108275862069e+00
   9.156724137931e+00
   9.205172413793e+00
   9.253620689655e+00
   9.302068965517e+00
   9.350517241379e+00
   9.398965517241e+00
   9.447413793103e+00
   9.495862068966e+00
   9.544310344828e+00
   9.592758620690e+00
   9.641206896552e+00
   9.689655172414e+00
