ARMA_MAT_TXT_FN008
225 1
   2.222222222222e-02
   4.444444444444e-02
   6.666666666667e-02
   8.888888888889e-02
   1.111111111111e-01
   1.333333333333e-01
   1.555555555556e-01
   1.777777777778e-01
   2.000000000000e-01
   2.222222222222e-01
   2.444444444444e-01
   2.666666666667e-01
   2.888888888889e-01
   3.111111111111e-01
   3.333333333333e-01
   3.555555555556e-01
   3.777777777778e-01
   4.000000000000e-01
   4.222222222222e-01
   4.444444444444e-01
   4.666666666667e-01
   4.888888888889e-01
   5.111111111111e-01
   5.333333333333e-01
   5.555555555556e-01
   5.777777777778e-01
   6.000000000000e-01
   6.222222222222e-01
   6.444444444444e-01
   6.666666666667e-01
   6.888888888889e-01
   7.111111111111e-01
   7.333333333333e-01
   7.555555555556e-01
   7.777777777778e-01
   8.000000000000e-01
   8.222222222222e-01
   8.444444444444e-01
   8.666666666667e-01
   8.888888888889e-01
   9.111111111111e-01
   9.333333333333e-01
   9.555555555556e-01
   9.777777777778e-01
   1.000000000000e+00
   1.022222222222e+00
   1.044444444444e+00
   1.066666666667e+00
   1.088888888889e+00
   1.111111111111e+00
   1.133333333333e+00
   1.155555555556e+00
   1.177777777778e+00
   1.200000000000e+00
   1.222222222222e+00
   1.244444444444e+00
   1.266666666667e+00
   1.288888888889e+00
   1.311111111111e+00
   1.333333333333e+00
   1.355555555556e+00
   1.377777777778e+00
   1.400000000000e+00
   1.422222222222e+00
   1.444444444444e+00
   1.466666666667e+00
   1.488888888889e+00
   1.511111111111e+00
   1.533333333333e+00
   1.555555555556e+00
   1.577777777778e+00
   1.600000000000e+00
   1.622222222222e+00
   1.644444444444e+00
   1.666666666667e+00
   1.688888888889e+00
   1.711111111111e+00
   1.733333333333e+00
   1.755555555556e+00
   1.777777777778e+00
   1.800000000000e+00
   1.822222222222e+00
   1.844444444444e+00
   1.866666666667e+00
   1.888888888889e+00
   1.911111111111e+00
   1.933333333333e+00
   1.955555555556e+00
   1.977777777778e+00
   2.000000000000e+00
   2.022222222222e+00
   2.044444444444e+00
   2.066666666667e+00
   2.088888888889e+00
   2.111111111111e+00
   2.133333333333e+00
   2.155555555556e+00
   2.177777777778e+00
   2.200000000000e+00
   2.222222222222e+00
   2.244444444444e+00
   2.266666666667e+00
   2.288888888889e+00
   2.311111111111e+00
   2.333333333333e+00
   2.355555555556e+00
   2.377777777778e+00
   2.400000000000e+00
   2.422222222222e+00
   2.444444444444e+00
   2.466666666667e+00
   2.488888888889e+00
   2.511111111111e+00
   2.533333333333e+00
   2.555555555556e+00
   2.577777777778e+00
   2.600000000000e+00
   2.622222222222e+00
   2.644444444444e+00
   2.666666666667e+00
   2.688888888889e+00
   2.711111111111e+00
   2.733333333333e+00
   2.755555555556e+00
   2.777777777778e+00
   2.800000000000e+00
   2.822222222222e+00
   2.844444444444e+00
   2.866666666667e+00
   2.888888888889e+00
   2.911111111111e+00
   2.933333333333e+00
   2.955555555556e+00
   2.977777777778e+00
   3.000000000000e+00
   3.022222222222e+00
   3.044444444444e+00
   3.066666666667e+00
   3.088888888889e+00
   3.111111111111e+00
   3.133333333333e+00
   3.155555555556e+00
   3.177777777778e+00
   3.200000000000e+00
   3.222222222222e+00
   3.244444444444e+00
   3.266666666667e+00
   3.288888888889e+00
   3.311111111111e+00
   3.333333333333e+00
   3.355555555556e+00
   3.377777777778e+00
   3.400000000000e+00
   3.422222222222e+00
   3.444444444444e+00
   3.466666666667e+00
   3.488888888889e+00
   3.511111111111e+00
   3.533333333333e+00
   3.555555555556e+00
   3.577777777778e+00
   3.600000000000e+00
   3.622222222222e+00
   3.644444444444e+00
   3.666666666667e+00
   3.688888888889e+00
   3.711111111111e+00
   3.733333333333e+00
   3.755555555556e+00
   3.777777777778e+00
   3.800000000000e+00
   3.822222222222e+00
   3.844444444444e+00
   3.866666666667e+00
   3.888888888889e+00
   3.911111111111e+00
   3.933333333333e+00
   3.955555555556e+00
   3.977777777778e+00
   4.000000000000e+00
   4.022222222222e+00
   4.044444444444e+00
   4.066666666667e+00
   4.088888888889e+00
   4.111111111111e+00
   4.133333333333e+00
   4.155555555556e+00
   4.177777777778e+00
   4.200000000000e+00
   4.222222222222e+00
   4.244444444444e+00
   4.266666666667e+00
   4.288888888889e+00
   4.311111111111e+00
   4.333333333333e+00
   4.355555555556e+00
   4.377777777778e+00
   4.400000000000e+00
   4.422222222222e+00
   4.444444444444e+00
   4.466666666667e+00
   4.488888888889e+00
   4.511111111111e+00
   4.533333333333e+00
   4.555555555556e+00
   4.577777777778e+00
   4.600000000000e+00
   4.622222222222e+00
   4.644444444444e+00
   4.666666666667e+00
   4.688888888889e+00
   4.711111111111e+00
   4.733333333333e+00
   4.755555555556e+00
   4.777777777778e+00
   4.800000000000e+00
   4.822222222222e+00
   4.844444444444e+00
   4.866666666667e+00
   4.888888888889e+00
   4.911111111111e+00
   4.933333333333e+00
   4.955555555556e+00
   4.977777777778e+00
   5.000000000000e+00
