ARMA_MAT_TXT_FN008
80 1
   3.577586206897e-02
   7.155172413793e-02
   1.073275862069e-01
   1.431034482759e-01
   1.788793103448e-01
   2.146551724138e-01
   2.504310344828e-01
   2.862068965517e-01
   3.219827586207e-01
   3.577586206897e-01
   3.935344827586e-01
   4.293103448276e-01
   4.650862068966e-01
   5.008620689655e-01
   5.366379310345e-01
   5.724137931034e-01
   6.081896551724e-01
   6.439655172414e-01
   6.797413793103e-01
   7.155172413793e-01
   7.512931034483e-01
   7.870689655172e-01
   8.228448275862e-01
   8.586206896552e-01
   8.943965517241e-01
   9.301724137931e-01
   9.659482758621e-01
   1.001724137931e+00
   1.037500000000e+00
   1.073275862069e+00
   1.109051724138e+00
   1.144827586207e+00
   1.180603448276e+00
   1.216379310345e+00
   1.252155172414e+00
   1.287931034483e+00
   1.323706896552e+00
   1.359482758621e+00
   1.395258620690e+00
   1.431034482759e+00
   1.466810344828e+00
   1.502586206897e+00
   1.538362068966e+00
   1.574137931034e+00
   1.609913793103e+00
   1.645689655172e+00
   1.681465517241e+00
   1.717241379310e+00
   1.753017241379e+00
   1.788793103448e+00
   1.824568965517e+00
   1.860344827586e+00
   1.896120689655e+00
   1.931896551724e+00
   1.967672413793e+00
   2.003448275862e+00
   2.039224137931e+00
   2.075000000000e+00
   2.110775862069e+00
   2.146551724138e+00
   2.182327586207e+00
   2.218103448276e+00
   2.253879310345e+00
   2.289655172414e+00
   2.325431034483e+00
   2.361206896552e+00
   2.396982758621e+00
   2.432758620690e+00
   2.468534482759e+00
   2.504310344828e+00
   2.540086206897e+00
   2.575862068966e+00
   2.611637931034e+00
   2.647413793103e+00
   2.683189655172e+00
   2.718965517241e+00
   2.754741379310e+00
   2.790517241379e+00
   2.826293103448e+00
   2.862068965517e+00
