ARMA_MAT_TXT_FN008
201 1
   2.504717790359e-02
   5.009435580717e-02
   7.514153371076e-02
   1.001887116143e-01
   1.252358895179e-01
   1.502830674215e-01
   1.753302453251e-01
   2.003774232287e-01
   2.254246011323e-01
   2.504717790359e-01
   2.755189569394e-01
   3.005661348430e-01
   3.256133127466e-01
   3.506604906502e-01
   3.757076685538e-01
   4.007548464574e-01
   4.258020243610e-01
   4.508492022645e-01
   4.758963801681e-01
   5.009435580717e-01
   5.259907359753e-01
   5.510379138789e-01
   5.760850917825e-01
   6.011322696861e-01
   6.261794475896e-01
   6.512266254932e-01
   6.762738033968e-01
   7.013209813004e-01
   7.263681592040e-01
   7.514153371076e-01
   7.764625150112e-01
   8.015096929147e-01
   8.265568708183e-01
   8.516040487219e-01
   8.766512266255e-01
   9.016984045291e-01
   9.267455824327e-01
   9.517927603362e-01
   9.768399382398e-01
   1.001887116143e+00
   1.026934294047e+00
   1.051981471951e+00
   1.077028649854e+00
   1.102075827758e+00
   1.127123005661e+00
   1.152170183565e+00
   1.177217361469e+00
   1.202264539372e+00
   1.227311717276e+00
   1.252358895179e+00
   1.277406073083e+00
   1.302453250986e+00
   1.327500428890e+00
   1.352547606794e+00
   1.377594784697e+00
   1.402641962601e+00
   1.427689140504e+00
   1.452736318408e+00
   1.477783496312e+00
   1.502830674215e+00
   1.527877852119e+00
   1.552925030022e+00
   1.577972207926e+00
   1.603019385829e+00
   1.628066563733e+00
   1.653113741637e+00
   1.678160919540e+00
   1.703208097444e+00
   1.728255275347e+00
   1.753302453251e+00
   1.778349631155e+00
   1.803396809058e+00
   1.828443986962e+00
   1.853491164865e+00
   1.878538342769e+00
   1.903585520672e+00
   1.928632698576e+00
   1.953679876480e+00
   1.978727054383e+00
   2.003774232287e+00
   2.028821410190e+00
   2.053868588094e+00
   2.078915765998e+00
   2.103962943901e+00
   2.129010121805e+00
   2.154057299708e+00
   2.179104477612e+00
   2.204151655516e+00
   2.229198833419e+00
   2.254246011323e+00
   2.279293189226e+00
   2.304340367130e+00
   2.329387545033e+00
   2.354434722937e+00
   2.379481900841e+00
   2.404529078744e+00
   2.429576256648e+00
   2.454623434551e+00
   2.479670612455e+00
   2.504717790359e+00
   2.529764968262e+00
   2.554812146166e+00
   2.579859324069e+00
   2.604906501973e+00
   2.629953679876e+00
   2.655000857780e+00
   2.680048035684e+00
   2.705095213587e+00
   2.730142391491e+00
   2.755189569394e+00
   2.780236747298e+00
   2.805283925202e+00
   2.830331103105e+00
   2.855378281009e+00
   2.880425458912e+00
   2.905472636816e+00
   2.930519814720e+00
   2.955566992623e+00
   2.980614170527e+00
   3.005661348430e+00
   3.030708526334e+00
   3.055755704237e+00
   3.080802882141e+00
   3.105850060045e+00
   3.130897237948e+00
   3.155944415852e+00
   3.180991593755e+00
   3.206038771659e+00
   3.231085949563e+00
   3.256133127466e+00
   3.281180305370e+00
   3.306227483273e+00
   3.331274661177e+00
   3.356321839080e+00
   3.381369016984e+00
   3.406416194888e+00
   3.431463372791e+00
   3.456510550695e+00
   3.481557728598e+00
   3.506604906502e+00
   3.531652084406e+00
   3.556699262309e+00
   3.581746440213e+00
   3.606793618116e+00
   3.631840796020e+00
   3.656887973923e+00
   3.681935151827e+00
   3.706982329731e+00
   3.732029507634e+00
   3.757076685538e+00
   3.782123863441e+00
   3.807171041345e+00
   3.832218219249e+00
   3.857265397152e+00
   3.882312575056e+00
   3.907359752959e+00
   3.932406930863e+00
   3.957454108767e+00
   3.982501286670e+00
   4.007548464574e+00
   4.032595642477e+00
   4.057642820381e+00
   4.082689998284e+00
   4.107737176188e+00
   4.132784354092e+00
   4.157831531995e+00
   4.182878709899e+00
   4.207925887802e+00
   4.232973065706e+00
   4.258020243610e+00
   4.283067421513e+00
   4.308114599417e+00
   4.333161777320e+00
   4.358208955224e+00
   4.383256133127e+00
   4.408303311031e+00
   4.433350488935e+00
   4.458397666838e+00
   4.483444844742e+00
   4.508492022645e+00
   4.533539200549e+00
   4.558586378453e+00
   4.583633556356e+00
   4.608680734260e+00
   4.633727912163e+00
   4.658775090067e+00
   4.683822267970e+00
   4.708869445874e+00
   4.733916623778e+00
   4.758963801681e+00
   4.784010979585e+00
   4.809058157488e+00
   4.834105335392e+00
   4.859152513296e+00
   4.884199691199e+00
   4.909246869103e+00
   4.934294047006e+00
   4.959341224910e+00
   4.984388402814e+00
   5.009435580717e+00
   5.034482758621e+00
