ARMA_MAT_TXT_FN008
188 1
   2.512839325018e-02
   5.025678650037e-02
   7.538517975055e-02
   1.005135730007e-01
   1.256419662509e-01
   1.507703595011e-01
   1.758987527513e-01
   2.010271460015e-01
   2.261555392517e-01
   2.512839325018e-01
   2.764123257520e-01
   3.015407190022e-01
   3.266691122524e-01
   3.517975055026e-01
   3.769258987528e-01
   4.020542920029e-01
   4.271826852531e-01
   4.523110785033e-01
   4.774394717535e-01
   5.025678650037e-01
   5.276962582539e-01
   5.528246515040e-01
   5.779530447542e-01
   6.030814380044e-01
   6.282098312546e-01
   6.533382245048e-01
   6.784666177550e-01
   7.035950110051e-01
   7.287234042553e-01
   7.538517975055e-01
   7.789801907557e-01
   8.041085840059e-01
   8.292369772561e-01
   8.543653705062e-01
   8.794937637564e-01
   9.046221570066e-01
   9.297505502568e-01
   9.548789435070e-01
   9.800073367572e-01
   1.005135730007e+00
   1.030264123258e+00
   1.055392516508e+00
   1.080520909758e+00
   1.105649303008e+00
   1.130777696258e+00
   1.155906089508e+00
   1.181034482759e+00
   1.206162876009e+00
   1.231291269259e+00
   1.256419662509e+00
   1.281548055759e+00
   1.306676449010e+00
   1.331804842260e+00
   1.356933235510e+00
   1.382061628760e+00
   1.407190022010e+00
   1.432318415260e+00
   1.457446808511e+00
   1.482575201761e+00
   1.507703595011e+00
   1.532831988261e+00
   1.557960381511e+00
   1.583088774762e+00
   1.608217168012e+00
   1.633345561262e+00
   1.658473954512e+00
   1.683602347762e+00
   1.708730741012e+00
   1.733859134263e+00
   1.758987527513e+00
   1.784115920763e+00
   1.809244314013e+00
   1.834372707263e+00
   1.859501100514e+00
   1.884629493764e+00
   1.909757887014e+00
   1.934886280264e+00
   1.960014673514e+00
   1.985143066764e+00
   2.010271460015e+00
   2.035399853265e+00
   2.060528246515e+00
   2.085656639765e+00
   2.110785033015e+00
   2.135913426266e+00
   2.161041819516e+00
   2.186170212766e+00
   2.211298606016e+00
   2.236426999266e+00
   2.261555392517e+00
   2.286683785767e+00
   2.311812179017e+00
   2.336940572267e+00
   2.362068965517e+00
   2.387197358767e+00
   2.412325752018e+00
   2.437454145268e+00
   2.462582538518e+00
   2.487710931768e+00
   2.512839325018e+00
   2.537967718269e+00
   2.563096111519e+00
   2.588224504769e+00
   2.613352898019e+00
   2.638481291269e+00
   2.663609684519e+00
   2.688738077770e+00
   2.713866471020e+00
   2.738994864270e+00
   2.764123257520e+00
   2.789251650770e+00
   2.814380044021e+00
   2.839508437271e+00
   2.864636830521e+00
   2.889765223771e+00
   2.914893617021e+00
   2.940022010271e+00
   2.965150403522e+00
   2.990278796772e+00
   3.015407190022e+00
   3.040535583272e+00
   3.065663976522e+00
   3.090792369773e+00
   3.115920763023e+00
   3.141049156273e+00
   3.166177549523e+00
   3.191305942773e+00
   3.216434336023e+00
   3.241562729274e+00
   3.266691122524e+00
   3.291819515774e+00
   3.316947909024e+00
   3.342076302274e+00
   3.367204695525e+00
   3.392333088775e+00
   3.417461482025e+00
   3.442589875275e+00
   3.467718268525e+00
   3.492846661775e+00
   3.517975055026e+00
   3.543103448276e+00
   3.568231841526e+00
   3.593360234776e+00
   3.618488628026e+00
   3.643617021277e+00
   3.668745414527e+00
   3.693873807777e+00
   3.719002201027e+00
   3.744130594277e+00
   3.769258987528e+00
   3.794387380778e+00
   3.819515774028e+00
   3.844644167278e+00
   3.869772560528e+00
   3.894900953778e+00
   3.920029347029e+00
   3.945157740279e+00
   3.970286133529e+00
   3.995414526779e+00
   4.020542920029e+00
   4.045671313280e+00
   4.070799706530e+00
   4.095928099780e+00
   4.121056493030e+00
   4.146184886280e+00
   4.171313279530e+00
   4.196441672781e+00
   4.221570066031e+00
   4.246698459281e+00
   4.271826852531e+00
   4.296955245781e+00
   4.322083639032e+00
   4.347212032282e+00
   4.372340425532e+00
   4.397468818782e+00
   4.422597212032e+00
   4.447725605282e+00
   4.472853998533e+00
   4.497982391783e+00
   4.523110785033e+00
   4.548239178283e+00
   4.573367571533e+00
   4.598495964784e+00
   4.623624358034e+00
   4.648752751284e+00
   4.673881144534e+00
   4.699009537784e+00
   4.724137931034e+00
