ARMA_MAT_TXT_FN008
200 1
   8.103448275862e-03
   1.620689655172e-02
   2.431034482759e-02
   3.241379310345e-02
   4.051724137931e-02
   4.862068965517e-02
   5.672413793103e-02
   6.482758620690e-02
   7.293103448276e-02
   8.103448275862e-02
   8.913793103448e-02
   9.724137931034e-02
   1.053448275862e-01
   1.134482758621e-01
   1.215517241379e-01
   1.296551724138e-01
   1.377586206897e-01
   1.458620689655e-01
   1.539655172414e-01
   1.620689655172e-01
   1.701724137931e-01
   1.782758620690e-01
   1.863793103448e-01
   1.944827586207e-01
   2.025862068966e-01
   2.106896551724e-01
   2.187931034483e-01
   2.268965517241e-01
   2.350000000000e-01
   2.431034482759e-01
   2.512068965517e-01
   2.593103448276e-01
   2.674137931034e-01
   2.755172413793e-01
   2.836206896552e-01
   2.917241379310e-01
   2.998275862069e-01
   3.079310344828e-01
   3.160344827586e-01
   3.241379310345e-01
   3.322413793103e-01
   3.403448275862e-01
   3.484482758621e-01
   3.565517241379e-01
   3.646551724138e-01
   3.727586206897e-01
   3.808620689655e-01
   3.889655172414e-01
   3.970689655172e-01
   4.051724137931e-01
   4.132758620690e-01
   4.213793103448e-01
   4.294827586207e-01
   4.375862068966e-01
   4.456896551724e-01
   4.537931034483e-01
   4.618965517241e-01
   4.700000000000e-01
   4.781034482759e-01
   4.862068965517e-01
   4.943103448276e-01
   5.024137931034e-01
   5.105172413793e-01
   5.186206896552e-01
   5.267241379310e-01
   5.348275862069e-01
   5.429310344828e-01
   5.510344827586e-01
   5.591379310345e-01
   5.672413793103e-01
   5.753448275862e-01
   5.834482758621e-01
   5.915517241379e-01
   5.996551724138e-01
   6.077586206897e-01
   6.158620689655e-01
   6.239655172414e-01
   6.320689655172e-01
   6.401724137931e-01
   6.482758620690e-01
   6.563793103448e-01
   6.644827586207e-01
   6.725862068966e-01
   6.806896551724e-01
   6.887931034483e-01
   6.968965517241e-01
   7.050000000000e-01
   7.131034482759e-01
   7.212068965517e-01
   7.293103448276e-01
   7.374137931034e-01
   7.455172413793e-01
   7.536206896552e-01
   7.617241379310e-01
   7.698275862069e-01
   7.779310344828e-01
   7.860344827586e-01
   7.941379310345e-01
   8.022413793103e-01
   8.103448275862e-01
   8.184482758621e-01
   8.265517241379e-01
   8.346551724138e-01
   8.427586206897e-01
   8.508620689655e-01
   8.589655172414e-01
   8.670689655172e-01
   8.751724137931e-01
   8.832758620690e-01
   8.913793103448e-01
   8.994827586207e-01
   9.075862068966e-01
   9.156896551724e-01
   9.237931034483e-01
   9.318965517241e-01
   9.400000000000e-01
   9.481034482759e-01
   9.562068965517e-01
   9.643103448276e-01
   9.724137931034e-01
   9.805172413793e-01
   9.886206896552e-01
   9.967241379310e-01
   1.004827586207e+00
   1.012931034483e+00
   1.021034482759e+00
   1.029137931034e+00
   1.037241379310e+00
   1.045344827586e+00
   1.053448275862e+00
   1.061551724138e+00
   1.069655172414e+00
   1.077758620690e+00
   1.085862068966e+00
   1.093965517241e+00
   1.102068965517e+00
   1.110172413793e+00
   1.118275862069e+00
   1.126379310345e+00
   1.134482758621e+00
   1.142586206897e+00
   1.150689655172e+00
   1.158793103448e+00
   1.166896551724e+00
   1.175000000000e+00
   1.183103448276e+00
   1.191206896552e+00
   1.199310344828e+00
   1.207413793103e+00
   1.215517241379e+00
   1.223620689655e+00
   1.231724137931e+00
   1.239827586207e+00
   1.247931034483e+00
   1.256034482759e+00
   1.264137931034e+00
   1.272241379310e+00
   1.280344827586e+00
   1.288448275862e+00
   1.296551724138e+00
   1.304655172414e+00
   1.312758620690e+00
   1.320862068966e+00
   1.328965517241e+00
   1.337068965517e+00
   1.345172413793e+00
   1.353275862069e+00
   1.361379310345e+00
   1.369482758621e+00
   1.377586206897e+00
   1.385689655172e+00
   1.393793103448e+00
   1.401896551724e+00
   1.410000000000e+00
   1.418103448276e+00
   1.426206896552e+00
   1.434310344828e+00
   1.442413793103e+00
   1.450517241379e+00
   1.458620689655e+00
   1.466724137931e+00
   1.474827586207e+00
   1.482931034483e+00
   1.491034482759e+00
   1.499137931034e+00
   1.507241379310e+00
   1.515344827586e+00
   1.523448275862e+00
   1.531551724138e+00
   1.539655172414e+00
   1.547758620690e+00
   1.555862068966e+00
   1.563965517241e+00
   1.572068965517e+00
   1.580172413793e+00
   1.588275862069e+00
   1.596379310345e+00
   1.604482758621e+00
   1.612586206897e+00
   1.620689655172e+00
