                   2           0.0199553             557.494              418121            -4116.05             69.6394
                   3            0.029933              557.23              417922            -3920.43             104.444
                   4           0.0399106             556.796              417597            -3600.05             139.228
                   5           0.0498883             556.108              417081            -3092.82             173.978
                   6           0.0598659             555.014              416261            -2288.74             208.676
                   7           0.0698436             553.239              414929            -987.679              243.29
                   8           0.0798212              550.27              412703              1183.2             277.765
                   9           0.0897989             545.264              408948             4864.99             312.002
                  10           0.0997765             537.593              403195             10639.1             345.819
                  11            0.109754             528.178              396134             17713.4             378.944
                  12            0.119732             517.409              388056             25677.1             411.137
                  13            0.129709             504.338              378253             35534.4             442.221
                  14            0.139687             489.908              367431             46436.7             471.961
                  15            0.149665             476.082              357061             56877.8             500.129
                  16            0.159642             464.539              348404             65569.1             526.579
                  17             0.16962             456.161              342120             71855.2             551.292
                  18            0.179598             450.988              338241             75700.8             574.362
                  19            0.189575             448.244              336183             77691.2              595.96
                  20            0.199553             446.621              334966             78862.3             616.283
                  21            0.209531             445.262              333946             79900.8             635.496
                  22            0.219508             444.262              333196             80661.1             653.719
                  23            0.229486             443.753              332815             81036.2              671.07
                  24            0.239464             443.635              332726             81134.6             687.668
                  25            0.249441             443.931              332948             80915.1             703.611
                  26            0.259419             444.623              333467             80392.7             718.985
                  27            0.269397             445.593              334195             79663.7             733.871
                  28            0.279374             446.752              335064             78796.7             748.342
                  29            0.289352              448.07              336053             77806.4             762.454
                  30             0.29933             449.581              337186             76692.5             776.249
                  31            0.309307             451.604              338703             75198.7             789.769
                  32            0.319285             454.452              340839             73049.6             803.066
                  33            0.329263             457.909              343431             70431.9             816.208
                  34             0.33924             461.638              346228             67657.8             829.264
                  35            0.349218             465.666              349250             64606.5             842.296
                  36            0.359196             469.295              351971             61828.7             855.378
                  37            0.369173             471.406              353554             60243.9              868.57
                  38            0.379151              471.69              353768             60044.2             881.884
                  39            0.389128             470.335              352751             61060.6             895.282
                  40            0.399106             467.587              350691             63142.7             908.698
                  41            0.409084             464.243              348183             65732.5             922.038
                  42            0.419061             462.007              346505             67484.7             935.209
                  43            0.429039             462.234              346675             67286.3             948.168
                  44            0.439017             464.515              348386             65500.5             960.959
                  45            0.448994             467.383              350538             63300.6             973.668
                  46            0.458972              469.64              352230             61589.1             986.374
                  47             0.46895             470.689              353017             60799.7             999.122
                  48            0.478927             470.407              352805             61020.5             1011.93
                  49            0.488905             469.027              351771               62076             1024.79
                  50            0.498883             467.281              350461             63454.2             1037.66
                  51             0.50886             466.557              349918             64023.9             1050.49
                  52            0.518838             467.334              350500             63369.5             1063.27
                  53            0.528816              468.48              351360             62465.7                1076
                  54            0.538793             468.938              351703             62111.5             1088.68
                  55            0.548771             468.452              351339             62512.1             1101.33
                  56            0.558749             467.573              350680             63208.2             1113.92
                  57            0.568726             466.925              350194             63699.6             1126.43
                  58            0.578704             466.676              350007             63887.5             1138.87
                  59            0.588682             466.786              350089               63796              1151.2
                  60            0.598659             467.116              350337             63546.2             1163.44
                  61            0.608637             467.862              350897               63025             1175.56
                  62            0.618615             469.415              352062             61792.8             1187.55
                  63            0.628592             470.786              353089             60708.4             1199.43
                  64             0.63857             470.809              353106             60696.9             1211.18
                  65            0.648547             469.419              352064             61756.1             1222.75
                  66            0.658525             467.006              350255             63567.9             1234.11
                  67            0.668503             463.809              347857             65951.9             1245.19
                  68             0.67848             460.048              345036             68807.2             1255.91
                  69            0.688458              456.64              342480             71417.8             1266.19
                  70            0.698436             454.912              341184             72757.8             1275.95
                  71            0.708413             455.514              341636             72247.7             1285.21
                  72            0.718391             457.626              343219             70630.6             1294.01
                  73            0.728369             460.181              345136             68670.3             1302.46
                  74            0.738346             462.081              346561             67201.9             1310.61
                  75            0.748324             462.422              346816             66964.3             1318.48
                  76            0.758302             461.407              346055               67780             1326.08
                  77            0.768279             460.117              345088             68805.2             1333.35
                  78            0.778257             459.829              344872             69046.9             1340.31
                  79            0.788235             460.962              345721               68123             1346.96
                  80            0.798212             462.565              346924             66899.3             1353.35
                  81             0.80819              464.15              348113             65746.4             1359.53
                  82            0.818168             465.947              349461             64361.7             1365.52
                  83            0.828145             467.345              350509             63259.9             1371.35
                  84            0.838123             467.432              350574             63183.4             1377.03
                  85            0.848101             465.688              349266               64432             1382.55
                  86            0.858078             461.379              346034             67634.4             1387.85
                  87            0.868056              454.99              341242             72590.7             1392.85
                  88            0.878034             449.999              337499             76479.4              1397.4
                  89            0.888011             449.195              336896             77000.2             1401.44
                  90            0.897989             451.591              338693             75122.3             1404.99
                  91            0.907966             455.146              341359             72412.6             1408.13
                  92            0.917944             458.418              343813             69941.6             1410.97
                  93            0.927922             460.631              345473             68285.5             1413.64
                  94            0.937899             461.573              346180             67601.4             1416.22
                  95            0.947877             461.504              346128             67687.3             1418.79
                  96            0.957855              461.01              345757             68091.4             1421.37
                  97            0.967832             460.616              345462             68389.1             1423.98
                  98             0.97781             460.375              345281               68550             1426.62
                  99            0.987788             459.949              344962               68855              1429.3
                 100            0.997765             459.076              344307             69509.8             1432.01
                 101             1.00774             457.793              343345             70476.1             1434.76
                 102             1.01772             456.396              342297             71551.5             1437.55
                 103              1.0277             455.743              341807             72099.1             1440.37
                 104             1.03768             456.674              342506             71351.4             1443.22
                 105             1.04765             458.626              343970             69873.1             1446.14
                 106             1.05763             461.068              345801             68064.2             1449.18
                 107             1.06761             463.844              347883             65925.5             1452.34
                 108             1.07759             465.825              349369             64365.2             1455.65
                 109             1.08756             465.702              349277             64458.6             1459.11
                 110             1.09754             463.488              347616             66173.8             1462.67
                 111             1.10752              460.29              345218             68622.2              1466.3
                 112              1.1175             457.398              343048             70841.2             1469.94
                 113             1.12747             455.655              341741             72108.2             1473.55
                 114             1.13745             454.537              340903             72886.4             1477.09
                 115             1.14743             453.473              340104             73764.5             1480.57
                 116             1.15741              453.52              340140             73722.2             1483.97
                 117             1.16739             454.535              340902             72879.1             1487.28
                 118             1.17736             455.252              341439             72394.9             1490.54
                 119             1.18734             455.989              341992             71880.1             1493.75
                 120             1.19732             457.211              342909             70938.9             1496.93
                 121              1.2073             458.499              343874               69948             1500.09
                 122             1.21727             459.428              344571             69273.6             1503.24
                 123             1.22725             460.357              345268             68611.4             1506.37
                 124             1.23723             461.702              346277             67578.8             1509.44
                 125             1.24721             463.157              347368             66495.4             1512.45
                 126             1.25718             464.564              348423             65449.3             1515.38
                 127             1.26716             465.851              349388             64461.8             1518.27
                 128             1.27714             466.578              349933             63890.5             1521.11
                 129             1.28712             466.282              349711             64094.8             1523.93
                 130             1.29709             464.868              348651             65168.5             1526.73
                 131             1.30707             462.956              347217             66629.9             1529.47
                 132             1.31705             461.184              345888             67905.6             1532.13
                 133             1.32703             459.174              344380             69385.7             1534.68
                 134             1.33701             456.907              342681             71132.9              1537.1
                 135             1.34698             456.199              342149             71856.8             1539.41
                 136             1.35696             459.203              344402             69352.2             1541.62
                 137             1.36694             462.323              346742             66846.6             1543.76
                 138             1.37692             461.737              346303             67381.9             1545.83
                 139             1.38689             458.901              344176             69740.4              1547.8
                 140             1.39687             457.847              343385             70622.1             1549.66
                 141             1.40685             460.044              345033               68816             1551.39
                 142             1.41683             463.012              347259             66507.3             1553.06
                 143              1.4268             464.635              348476             65303.1             1554.72
                 144             1.43678             464.605              348454             65339.4             1556.42
                 145             1.44676             463.111              347333               66460             1558.19
                 146             1.45674             460.337              345253             68543.8             1560.04
                 147             1.46672             456.632              342474               71334             1561.94
                 148             1.47669             452.761              339571               74297             1563.88
                 149             1.48667             450.177              337633             76294.4             1565.81
                 150             1.49665             450.054              337541             76375.6              1567.7
                 151             1.50663             452.139              339104             74751.4             1569.57
                 152              1.5166             455.101              341326               72484             1571.42
                 153             1.52658             457.768              343326             70484.6             1573.25
                 154             1.53656             459.709              344782             69023.9             1575.07
                 155             1.54654             460.763              345572               68236             1576.84
                 156             1.55651             461.008              345756             68073.5             1578.56
                 157             1.56649             460.879              345659             68185.8             1580.21
                 158             1.57647             460.706              345530             68303.7             1581.82
                 159             1.58645              460.49              345367             68463.8             1583.41
                 160             1.59642             460.318              345239             68601.1             1585.04
                 161              1.6064             460.648              345486             68402.9             1586.72
                 162             1.61638             462.265              346699             67202.1             1588.45
                 163             1.62636             465.171              348878             64960.7             1590.23
                 164             1.63634             468.111              351083             62695.7             1592.07
                 165             1.64631             469.781              352336             61431.8                1594
                 166             1.65629             469.811              352358             61439.3             1596.02
                 167             1.66627             468.719              351539             62294.7             1598.16
                 168             1.67625              467.13              350347             63469.6             1600.41
                 169             1.68622             464.971              348728             65066.5             1602.75
                 170              1.6962               462.4              346800             67081.9             1605.18
                 171             1.70618             460.853              345639             68268.2             1607.67
                 172             1.71616             460.855              345642             68221.3             1610.21
                 173             1.72613             461.736              346302             67578.7             1612.81
                 174             1.73611             463.233              347424             66430.6             1615.46
                 175             1.74609             464.664              348498             65312.8             1618.17
                 176             1.75607             465.025              348769             65018.2             1620.95
                 177             1.76604             463.717              347788             65985.6              1623.8
                 178             1.77602             460.701              345526             68277.9             1626.69
                 179               1.786             456.964              342723             71163.9             1629.57
                 180             1.79598              454.23              340673             73238.5             1632.38
                 181             1.80596             453.296              339972             73893.8             1635.07
                 182             1.81593             453.864              340398               73472              1637.6
                 183             1.82591             455.802              341852             72003.5             1639.99
                 184             1.83589             458.806              344105             69734.1             1642.28
                 185             1.84587             462.175              346631             67169.8             1644.53
                 186             1.85584             464.901              348676             65081.7             1646.78
                 187             1.86582             466.082              349561             64196.1             1649.06
                 188              1.8758               465.8              349350             64475.5              1651.4
                 189             1.88578             465.399              349049             64866.1             1653.79
                 190             1.89575              466.48              349860             64076.5             1656.23
                 191             1.90573             469.316              351987             61888.2             1658.74
                 192             1.91571             472.715              354536             59291.1             1661.34
                 193             1.92569             475.432              356574             57226.1             1664.04
                 194             1.93566             476.678              357508             56270.4             1666.87
                 195             1.94564             476.063              357047             56743.1             1669.83
                 196             1.95562              473.98              355485             58363.1             1672.94
                 197              1.9656             471.497              353623             60245.2              1676.2
                 198             1.97558             469.289              351966             61901.6             1679.58
                 199             1.98555             467.593              350695             63179.8             1683.02
                 200             1.99553             466.615              349961             63899.7             1686.49
                 201             2.00551             466.156              349617             64206.6             1689.95
                 202             2.01549             465.774              349330             64499.8             1693.39
                 203             2.02546             465.323              348992               64804             1696.77
                 204             2.03544             464.558              348418             65417.9             1700.05
                 205             2.04542             464.154              348115             65786.4             1703.19
                 206              2.0554               464.7              348525             65279.9             1706.17
                 207             2.06537             464.704              348528             65210.5             1709.01
                 208             2.07535             462.766              347074             66676.5             1711.75
                 209             2.08533             459.155              344366             69466.3             1714.42
                 210             2.09531             456.485              342364             71716.8             1717.02
                 211             2.10528             457.836              343377             70465.4             1719.53
                 212             2.11526             460.479              345359             68388.5             1722.01
                 213             2.12524             461.528              346146             67621.7             1724.48
                 214             2.13522             460.869              345652             68147.1             1726.98
                 215              2.1452             459.322              344492             69378.4             1729.49
                 216             2.15517             458.151              343613             70272.2             1731.96
                 217             2.16515             458.152              343614             70297.6             1734.38
                 218             2.17513             459.501              344626             69212.9              1736.7
                 219             2.18511             460.936              345702             68061.5             1738.95
                 220             2.19508             461.069              345802             67986.1             1741.15
                 221             2.20506             460.064              345048             68781.6             1743.33
                 222             2.21504              458.63              343973             69846.9             1745.51
                 223             2.22502             456.764              342573             71209.7             1747.69
                 224             2.23499             454.295              340721             73123.8             1749.86
                 225             2.24497             452.473              339355             74581.4             1751.99
                 226             2.25495             452.794              339596             74309.2             1754.08
                 227             2.26493             454.897              341173             72666.5             1756.12
                 228             2.27491             457.406              343055             70732.1             1758.12
                 229             2.28488             459.085              344314             69438.9              1760.1
                 230             2.29486             459.325              344494             69284.4             1762.09
                 231             2.30484             458.688              344016             69843.7              1764.1
                 232             2.31482             458.672              344004             69897.4             1766.15
                 233             2.32479              459.86              344895             68951.9             1768.25
                 234             2.33477             461.423              346068               67779             1770.38
                 235             2.34475             462.888              347166             66674.9             1772.55
                 236             2.35473             464.081              348061             65785.7             1774.74
                 237              2.3647             465.014              348761             65074.7             1776.95
                 238             2.37468             465.324              348993             64762.3             1779.17
                 239             2.38466             463.911              347933             65781.9             1781.41
                 240             2.39464             460.458              345343             68433.4             1783.63
                 241             2.40461             456.805              342604             71350.1             1785.84
                 242             2.41459             456.205              342154             71816.8             1788.04
                 243             2.42457             459.082              344311             69478.4             1790.25
                 244             2.43455             462.196              346647             66973.7             1792.47
                 245             2.44453             463.111              347333             66458.6             1794.72
                 246              2.4545             464.311              348233             65564.6             1796.97
                 247             2.46448             465.853              349390             64277.6             1799.21
                 248             2.47446              465.21              348907             64883.9             1801.42
                 249             2.48444             463.502              347627             66232.6             1803.55
                 250             2.49441             462.093              346570             67325.4             1805.57
                 251             2.50439             461.659              346244               67659             1807.44
                 252             2.51437               462.3              346725             67147.4             1809.16
                 253             2.52435             463.481              347611             66229.3             1810.76
                 254             2.53432             464.529              348396             65420.3             1812.27
                 255              2.5443             464.978              348734             65084.8             1813.71
                 256             2.55428             464.929              348697             65174.8             1815.09
                 257             2.56426             465.197              348897             65014.8             1816.41
                 258             2.57423             466.295              349721             64153.5             1817.68
                 259             2.58421             467.624              350718             63117.3             1818.93
                 260             2.59419             468.419              351314             62517.1              1820.2
                 261             2.60417             468.457              351343             62484.9             1821.51
                 262             2.61415             467.782              350837             63000.7             1822.89
                 263             2.62412             466.851              350138             63751.6             1824.35
                 264              2.6341             466.513              349885             63995.7             1825.88
                 265             2.64408             466.585              349939             63862.7             1827.47
                 266             2.65406             465.925              349444             64357.7             1829.12
                 267             2.66403             464.334              348250             65586.2             1830.79
                 268             2.67401             462.342              346756             67093.2             1832.45
                 269             2.68399             460.338              345253             68607.4             1834.08
                 270             2.69397             458.618              343963             69894.8             1835.65
                 271             2.70394             457.229              342922             70904.9             1837.16
                 272             2.71392             455.833              341875             71934.6              1838.6
                 273              2.7239             454.526              340895             72985.4             1839.94
                 274             2.73388             454.488              340866             73022.4             1841.16
                 275             2.74385             455.759              341819             71934.2             1842.24
                 276             2.75383             456.782              342587             71204.7             1843.18
                 277             2.76381             458.313              343734             70155.3             1843.98
                 278             2.77379             461.053              345790             67903.1             1844.66
                 279             2.78377             462.125              346594             67019.4             1845.23
                 280             2.79374             460.016              345012             68728.3             1845.72
                 281             2.80372              456.97              342727             71142.6             1846.12
                 282              2.8137             455.218              341413             72417.3             1846.41
                 283             2.82368             454.717              341037             72817.4             1846.65
                 284             2.83365             455.464              341598             72262.1             1846.86
                 285             2.84363             457.503              343127             70716.8             1847.06
                 286             2.85361             460.157              345118             68614.4             1847.26
                 287             2.86359             461.494              346121             67528.1             1847.49
                 288             2.87356             460.081              345061             68606.5             1847.75
                 289             2.88354             456.618              342463             71317.5             1848.01
                 290             2.89352             453.365              340024             73833.7             1848.25
                 291              2.9035             452.218              339163             74740.9             1848.43
                 292             2.91347             453.877              340408             73451.7             1848.58
                 293             2.92345             457.354              343016             70771.2             1848.71
                 294             2.93343             460.933              345700             68059.6             1848.83
                 295             2.94341             463.563              347672             66104.3             1848.96
                 296             2.95339             465.112              348834               64971             1849.12
                 297             2.96336             465.718              349288             64493.8             1849.32
                 298             2.97334             464.999              348750             64999.4             1849.55
                 299             2.98332             462.862              347146             66679.2             1849.82
                 300              2.9933             460.736              345552             68311.8              1850.1
                 301             3.00327             459.469              344602             69229.2             1850.38
                 302             3.01325             458.759              344069               69782             1850.64
                 303             3.02323             458.659              343994             69840.8             1850.88
                 304             3.03321              458.97              344227             69602.8             1851.13
                 305             3.04318             459.614              344710             69145.9             1851.41
                 306             3.05316             460.818              345613             68238.5             1851.73
                 307             3.06314             462.388              346791             67036.1              1852.1
                 308             3.07312             463.776              347832             65993.6              1852.5
                 309             3.08309             464.837              348628             65235.8             1852.92
                 310             3.09307             466.083              349562             64327.6             1853.34
                 311             3.10305             467.685              350764             63072.1             1853.74
                 312             3.11303             468.773              351580             62230.7             1854.14
                 313             3.12301             468.793              351595             62237.7             1854.53
                 314             3.13298             467.909              350932             62865.5             1854.94
                 315             3.14296             465.692              349269             64468.9             1855.34
                 316             3.15294             462.019              346515             67328.1             1855.74
                 317             3.16292             458.457              343843             69969.6             1856.09
                 318             3.17289             455.258              341443               72357             1856.39
                 319             3.18287             452.369              339276             74605.4             1856.61
                 320             3.19285             451.159              338369             75559.4             1856.77
                 321             3.20283             452.101              339075             74741.3             1856.87
                 322              3.2128             453.428              340071             73672.8             1856.93
                 323             3.22278             453.683              340262             73510.7             1856.94
                 324             3.23276             453.451              340088             73786.3             1856.92
                 325             3.24274             454.411              340808             73078.6             1856.87
                 326             3.25272             456.951              342713             71086.8             1856.81
                 327             3.26269             459.206              344404             69225.4             1856.75
