                   2           0.0199553             519.643              389732            -4123.96             64.9114
                   3            0.029933             519.391              389544            -3938.23              97.353
                   4           0.0399106             518.972              389229            -3629.69             129.775
                   5           0.0498883             518.286              388715            -3126.36             162.164
                   6           0.0598659             517.127              387845            -2281.85               194.5
                   7           0.0698436             515.044              386283            -776.607             226.743
                   8           0.0798212             511.085              383314             2087.57             258.816
                   9           0.0897989             504.269              378202             7230.23             290.541
                  10           0.0997765              496.44              372330             13186.8             321.595
                  11            0.109754              488.52              366390             18889.6             351.741
                  12            0.119732             478.169              358627             26775.9             380.909
                  13            0.129709             466.599              349949             35489.5              408.89
                  14            0.139687             455.277              341458             44003.6             435.489
                  15            0.149665             445.142              333856             51670.4             460.576
                  16            0.159642             437.304              327978             57562.8             484.105
                  17             0.16962             432.021              324016             61508.5             506.142
                  18            0.179598             428.792              321594             63915.6             526.848
                  19            0.189575             426.967              320225             65270.2             546.417
                  20            0.199553             425.926              319444             66034.6             565.049
                  21            0.209531              425.08              318810             66654.4             582.912
                  22            0.219508             424.057              318043             67437.1             600.127
                  23            0.229486             423.089              317317             68204.5             616.773
                  24            0.239464             422.702              317026               68492             632.914
                  25            0.249441             422.872              317154             68362.1             648.644
                  26            0.259419             423.407              317556             67966.8              664.06
                  27            0.269397              424.15              318112             67375.3             679.229
                  28            0.279374             424.548              318411             67044.5             694.181
                  29            0.289352             424.199              318150             67320.4             708.903
                  30             0.29933             423.497              317623             67890.4             723.346
                  31            0.309307             423.411              317558             67987.8             737.463
                  32            0.319285             424.335              318251             67236.5             751.258
                  33            0.329263             425.458              319093             66388.7              764.81
                  34             0.33924             426.325              319744             65758.8               778.2
                  35            0.349218              427.06              320295             65213.2             791.483
                  36            0.359196             427.682              320762             64738.6             804.698
                  37            0.369173             428.035              321026             64464.6             817.874
                  38            0.379151             427.981              320986             64508.6             831.021
                  39            0.389128             427.637              320727             64782.7             844.128
                  40            0.399106             427.304              320478             65035.5             857.169
                  41            0.409084             427.162              320372             65139.2             870.108
                  42            0.419061             427.231              320423             65077.1             882.913
                  43            0.429039             427.342              320507             64963.6              895.56
                  44            0.439017              427.01              320258             65171.3             908.037
                  45            0.448994             425.657              319242             66167.1             920.318
                  46            0.458972             423.193              317395             68030.2             932.343
                  47             0.46895             420.456              315342             70166.2             944.008
                  48            0.478927             419.606              314704             70895.9             955.189
                  49            0.488905             421.592              316194             69193.3             965.842
                  50            0.498883             423.392              317544             67760.7             976.056
                  51             0.50886             422.903              317177             68178.4             985.913
                  52            0.518838             420.814              315611             69834.2             995.417
                  53            0.528816             418.931              314198             71325.5             1004.52
                  54            0.538793             418.849              314137               71408             1013.17
                  55            0.548771             420.994              315746             69760.8             1021.37
                  56            0.558749             424.625              318469             67008.3              1029.2
                  57            0.568726              428.84              321630             63834.3             1036.72
                  58            0.578704             432.988              324741             60715.6             1044.05
                  59            0.588682             436.608              327456             57999.6             1051.25
                  60            0.598659             439.358              329519             55914.5             1058.41
                  61            0.608637             440.663              330497             54891.4             1065.58
                  62            0.618615             439.805              329854             55524.4             1072.78
                  63            0.628592             436.819              327614             57820.2             1080.03
                  64             0.63857             432.858              324644             60839.7             1087.29
                  65            0.648547             429.022              321766             63703.1              1094.5
                  66            0.658525             425.672              319254             66241.7             1101.62
                  67            0.668503             423.879              317909             67701.9             1108.58
                  68             0.67848             425.205              318904             66636.8             1115.33
                  69            0.688458             428.512              321384             64033.7             1121.91
                  70            0.698436             431.321              323491               61903             1128.38
                  71            0.708413             432.612              324459             60956.8             1134.79
                  72            0.718391             432.527              324395             61046.9             1141.16
                  73            0.728369             431.624              323718             61759.5             1147.46
                  74            0.738346             430.677              323008             62487.5             1153.64
                  75            0.748324             430.067              322550             62901.5             1159.66
                  76            0.758302             429.389              322042             63406.3             1165.47
                  77            0.768279             428.645              321484             64005.5             1171.04
                  78            0.778257             428.305              321229               64248             1176.35
                  79            0.788235             428.191              321143             64320.2             1181.45
                  80            0.798212             427.932              320949             64518.7             1186.39
                  81             0.80819             427.439              320579             64894.2             1191.23
                  82            0.818168              426.79              320093             65396.4             1196.01
                  83            0.828145             426.254              319691             65818.5             1200.75
                  84            0.838123             426.141              319606               65906             1205.47
                  85            0.848101             426.485              319863             65632.5             1210.18
                  86            0.858078             427.007              320255             65216.6             1214.88
                  87            0.868056             427.259              320445             64994.2             1219.59
                  88            0.878034             426.827              320120             65321.3             1224.32
                  89            0.888011             425.975              319481             66009.1             1229.08
                  90            0.897989             425.606              319204             66301.1             1233.85
                  91            0.907966             425.976              319482             65966.3             1238.62
                  92            0.917944             426.215              319661             65759.9             1243.37
                  93            0.927922              425.81              319358             66111.2             1248.08
                  94            0.937899             425.529              319147             66394.1             1252.75
                  95            0.947877              426.56              319920               65633             1257.34
                  96            0.957855             428.946              321710               63761             1261.86
                  97            0.967832             431.255              323442             61967.6             1266.35
                  98             0.97781             432.307              324230             61191.5             1270.86
                  99            0.987788             432.337              324253             61230.1             1275.39
                 100            0.997765             432.194              324145             61305.6             1279.93
                 101             1.00774             431.677              323757             61671.7              1284.5
                 102             1.01772             430.705              323028             62454.3             1289.09
                 103              1.0277             429.918              322438               63007             1293.72
                 104             1.03768             429.038              321778             63646.8             1298.35
                 105             1.04765             427.849              320887             64579.5             1302.97
                 106             1.05763             427.203              320402             65116.6             1307.54
                 107             1.06761              427.87              320902             64576.4             1312.04
                 108             1.07759             429.288              321966             63486.9             1316.48
                 109             1.08756             430.806              323104             62371.2             1320.92
                 110             1.09754             432.508              324381             61090.5             1325.35
                 111             1.10752             434.184              325638             59787.4             1329.81
                 112              1.1175             435.159              326369             59053.2             1334.26
                 113             1.12747             435.529              326647               58838             1338.71
                 114             1.13745             436.179              327134             58347.3             1343.15
                 115             1.14743             437.063              327797             57639.8             1347.58
                 116             1.15741             437.288              327966               57459             1352.05
                 117             1.16739             436.458              327344               58116             1356.55
                 118             1.17736              435.05              326288             59215.5              1361.1
                 119             1.18734             433.867              325400             60137.6             1365.69
                 120             1.19732             433.579              325184               60370             1370.29
                 121              1.2073             434.398              325798               59724              1374.9
                 122             1.21727             435.642              326732             58714.2             1379.51
                 123             1.22725             435.958              326969             58423.3             1384.13
                 124             1.23723              434.46              325845             59566.5             1388.77
                 125             1.24721             431.605              323704             61771.9              1393.4
                 126             1.25718             428.607              321455             64032.8             1398.01
                 127             1.26716             426.052              319539             65934.4             1402.59
                 128             1.27714             423.978              317983               67485             1407.15
                 129             1.28712             422.334              316750             68695.8             1411.68
                 130             1.29709             421.082              315811             69678.5             1416.13
                 131             1.30707              421.08              315810             69736.1              1420.5
                 132             1.31705             422.868              317151             68302.6             1424.77
                 133             1.32703             424.962              318721             66657.8             1428.97
                 134             1.33701             425.565              319174             66128.3             1433.12
                 135             1.34698             424.091              318068             67397.2             1437.17
                 136             1.35696             423.986              317989             67520.9             1440.97
                 137             1.36694             425.407              319055             66184.4              1444.5
                 138             1.37692             423.996              317997             67317.8             1447.84
                 139             1.38689             420.624              315468             70067.1             1451.02
                 140             1.39687             419.338              314503               71089             1454.01
                 141             1.40685             421.246              315934             69499.1             1456.78
                 142             1.41683             423.968              317976               67450             1459.36
                 143              1.4268             426.433              319825             65586.6             1461.78
                 144             1.43678             428.233              321174             64254.7              1464.1
                 145             1.44676             429.415              322061             63395.4             1466.36
                 146             1.45674              430.18              322635             62792.6             1468.57
                 147             1.46672             429.989              322492             62872.1             1470.74
                 148             1.47669             427.949              320961             64383.7             1472.83
                 149             1.48667             424.778              318584             66954.4             1474.79
                 150             1.49665             423.336              317502             67987.5             1476.56
                 151             1.50663             423.546              317660             67748.4             1478.17
                 152              1.5166             423.577              317683             67703.2             1479.68
                 153             1.52658             422.876              317157             68270.5             1481.12
                 154             1.53656             422.193              316645             68858.1             1482.47
                 155             1.54654             422.653              316989             68512.2             1483.73
                 156             1.55651             424.164              318123             67331.9             1484.91
                 157             1.56649             425.645              319234             66176.7             1486.04
                 158             1.57647              426.17              319628             65786.9             1487.14
                 159             1.58645             425.817              319363               66119             1488.24
                 160             1.59642             425.718              319288             66245.3             1489.34
                 161              1.6064             426.817              320113             65414.2             1490.47
                 162             1.61638             429.057              321793               63697             1491.66
                 163             1.62636             431.545              323659             61759.4             1492.94
                 164             1.63634             432.859              324644             60727.1             1494.34
                 165             1.64631             432.067              324050             61344.4             1495.84
                 166             1.65629             429.616              322212             63262.1             1497.42
                 167             1.66627             427.132              320349             65201.7             1499.04
                 168             1.67625             425.918              319439             66060.6             1500.66
                 169             1.68622             425.386              319040             66396.9             1502.27
                 170              1.6962              424.44              318330             67107.2             1503.85
                 171             1.70618             423.126              317345             68156.7              1505.4
                 172             1.71616             422.454              316841             68677.5             1506.87
                 173             1.72613             422.771              317079             68403.1             1508.27
                 174             1.73611             423.626              317719             67774.2             1509.61
                 175             1.74609              425.02              318765             66743.2              1510.9
                 176             1.75607             427.013              320259               65217             1512.15
                 177             1.76604             429.054              321790               63654             1513.39
                 178             1.77602             430.513              322885             62559.2             1514.64
                 179               1.786             431.247              323435             62026.1             1515.95
                 180             1.79598             431.403              323552             61909.3             1517.31
                 181             1.80596             430.985              323239             62214.6             1518.73
                 182             1.81593             430.023              322517             62964.7             1520.19
                 183             1.82591              429.03              321773             63728.8             1521.68
                 184             1.83589             428.436              321327             64165.7             1523.19
                 185             1.84587             428.372              321279             64233.3              1524.7
                 186             1.85584             429.109              321832             63665.7              1526.2
                 187             1.86582             430.166              322624             62786.9             1527.68
                 188              1.8758             430.122              322591             62797.5             1529.16
                 189             1.88578             428.403              321303             64116.7             1530.65
                 190             1.89575             425.657              319243             66209.8             1532.14
                 191             1.90573             422.875              317156             68330.1             1533.62
                 192             1.91571             421.154              315866             69667.5             1535.07
                 193             1.92569             421.188              315891             69587.8             1536.46
                 194             1.93566             422.324              316743             68717.9              1537.8
                 195             1.94564             423.933              317950             67518.1             1539.08
                 196             1.95562             425.815              319361             66104.6              1540.3
                 197              1.9656             427.788              320841             64640.5             1541.46
                 198             1.97558             429.778              322334             63127.3             1542.61
                 199             1.98555             431.241              323431             61991.2             1543.75
                 200             1.99553             431.534              323651             61795.3             1544.91
                 201             2.00551             431.066              323300             62206.7              1546.1
                 202             2.01549             430.678              323009               62460              1547.3
                 203             2.02546             429.922              322441             62952.2              1548.5
                 204             2.03544             427.626              320720             64639.8             1549.67
                 205             2.04542             423.509              317632             67784.4             1550.78
                 206              2.0554             418.963              314222             71295.2             1551.76
                 207             2.06537             416.112              312084             73478.9             1552.61
                 208             2.07535             415.941              311956               73554             1553.32
                 209             2.08533             417.757              313318               72150             1553.92
                 210             2.09531             420.442              315332             70089.8             1554.47
                 211             2.10528             422.779              317084             68286.6                1555
                 212             2.11526             423.696              317772             67602.7             1555.58
                 213             2.12524             423.239              317429               67999             1556.23
                 214             2.13522             422.853              317140             68416.1             1556.95
                 215              2.1452             424.689              318516             66983.5             1557.74
                 216             2.15517             427.707              320780             64549.5             1558.62
                 217             2.16515             429.062              321797             63585.1              1559.6
                 218             2.17513              429.04              321780               63703             1560.67
                 219             2.18511             429.094              321820             63636.9             1561.81
                 220             2.19508             429.308              321981             63497.2             1563.01
                 221             2.20506              429.97              322478               63056             1564.25
                 222             2.21504             431.642              323732               61748             1565.51
                 223             2.22502             433.492              325119             60301.5             1566.82
                 224             2.23499             434.608              325956             59487.5             1568.18
                 225             2.24497             435.034              326276             59145.5              1569.6
                 226             2.25495             434.795              326096             59373.6             1571.06
                 227             2.26493             434.713              326034             59499.3             1572.57
                 228             2.27491             435.669              326752             58746.2             1574.08
                 229             2.28488             437.025              327769             57675.3             1575.61
                 230             2.29486             437.616              328212             57217.1             1577.16
                 231             2.30484             436.878              327658             57776.8             1578.73
                 232             2.31482             434.846              326135             59317.9             1580.31
                 233             2.32479             431.947              323960             61516.9              1581.9
                 234             2.33477             428.767              321575             63903.4             1583.49
                 235             2.34475             425.655              319242             66233.3             1585.06
                 236             2.35473             423.045              317284             68244.5             1586.56
                 237              2.3647              422.04              316530             69027.8             1587.98
                 238             2.37468             423.061              317296             68193.1             1589.31
                 239             2.38466             425.007              318755             66689.8             1590.55
                 240             2.39464              426.77              320077             65345.3             1591.75
                 241             2.40461             427.825              320868             64565.2             1592.94
                 242             2.41459             428.419              321314             64180.6             1594.14
                 243             2.42457             429.461              322095               63427             1595.37
                 244             2.43455             431.286              323464             62023.8             1596.66
                 245             2.44453             433.216              324912             60541.7             1598.02
                 246              2.4545             434.437              325828             59613.1             1599.46
                 247             2.46448             434.495              325871             59557.1             1601.01
                 248             2.47446             433.161              324871             60555.8             1602.65
                 249             2.48444             430.677              323008             62465.1             1604.36
                 250             2.49441             428.031              321023             64477.5              1606.1
                 251             2.50439             425.808              319356             66082.8             1607.84
                 252             2.51437             423.472              317604             67817.2             1609.57
                 253             2.52435             421.384              316038             69517.1             1611.28
                 254             2.53432             421.864              316398             69207.8             1612.97
                 255              2.5443             425.503              319128             66331.6             1614.61
                 256             2.55428             429.751              322313             63074.1             1616.19
                 257             2.56426             432.591              324443             60958.9             1617.71
                 258             2.57423             433.657              325243             60179.6             1619.18
                 259             2.58421             433.181              324886             60557.2             1620.61
                 260             2.59419             431.662              323746             61739.7             1622.01
                 261             2.60417             430.052              322539             62998.6             1623.36
