ARMA_MAT_TXT_FN008
200 1
   3.500000000000e-02
   7.000000000000e-02
   1.050000000000e-01
   1.400000000000e-01
   1.750000000000e-01
   2.100000000000e-01
   2.450000000000e-01
   2.800000000000e-01
   3.150000000000e-01
   3.500000000000e-01
   3.850000000000e-01
   4.200000000000e-01
   4.550000000000e-01
   4.900000000000e-01
   5.250000000000e-01
   5.600000000000e-01
   5.950000000000e-01
   6.300000000000e-01
   6.650000000000e-01
   7.000000000000e-01
   7.350000000000e-01
   7.700000000000e-01
   8.050000000000e-01
   8.400000000000e-01
   8.750000000000e-01
   9.100000000000e-01
   9.450000000000e-01
   9.800000000000e-01
   1.015000000000e+00
   1.050000000000e+00
   1.085000000000e+00
   1.120000000000e+00
   1.155000000000e+00
   1.190000000000e+00
   1.225000000000e+00
   1.260000000000e+00
   1.295000000000e+00
   1.330000000000e+00
   1.365000000000e+00
   1.400000000000e+00
   1.435000000000e+00
   1.470000000000e+00
   1.505000000000e+00
   1.540000000000e+00
   1.575000000000e+00
   1.610000000000e+00
   1.645000000000e+00
   1.680000000000e+00
   1.715000000000e+00
   1.750000000000e+00
   1.785000000000e+00
   1.820000000000e+00
   1.855000000000e+00
   1.890000000000e+00
   1.925000000000e+00
   1.960000000000e+00
   1.995000000000e+00
   2.030000000000e+00
   2.065000000000e+00
   2.100000000000e+00
   2.135000000000e+00
   2.170000000000e+00
   2.205000000000e+00
   2.240000000000e+00
   2.275000000000e+00
   2.310000000000e+00
   2.345000000000e+00
   2.380000000000e+00
   2.415000000000e+00
   2.450000000000e+00
   2.485000000000e+00
   2.520000000000e+00
   2.555000000000e+00
   2.590000000000e+00
   2.625000000000e+00
   2.660000000000e+00
   2.695000000000e+00
   2.730000000000e+00
   2.765000000000e+00
   2.800000000000e+00
   2.835000000000e+00
   2.870000000000e+00
   2.905000000000e+00
   2.940000000000e+00
   2.975000000000e+00
   3.010000000000e+00
   3.045000000000e+00
   3.080000000000e+00
   3.115000000000e+00
   3.150000000000e+00
   3.185000000000e+00
   3.220000000000e+00
   3.255000000000e+00
   3.290000000000e+00
   3.325000000000e+00
   3.360000000000e+00
   3.395000000000e+00
   3.430000000000e+00
   3.465000000000e+00
   3.500000000000e+00
   3.535000000000e+00
   3.570000000000e+00
   3.605000000000e+00
   3.640000000000e+00
   3.675000000000e+00
   3.710000000000e+00
   3.745000000000e+00
   3.780000000000e+00
   3.815000000000e+00
   3.850000000000e+00
   3.885000000000e+00
   3.920000000000e+00
   3.955000000000e+00
   3.990000000000e+00
   4.025000000000e+00
   4.060000000000e+00
   4.095000000000e+00
   4.130000000000e+00
   4.165000000000e+00
   4.200000000000e+00
   4.235000000000e+00
   4.270000000000e+00
   4.305000000000e+00
   4.340000000000e+00
   4.375000000000e+00
   4.410000000000e+00
   4.445000000000e+00
   4.480000000000e+00
   4.515000000000e+00
   4.550000000000e+00
   4.585000000000e+00
   4.620000000000e+00
   4.655000000000e+00
   4.690000000000e+00
   4.725000000000e+00
   4.760000000000e+00
   4.795000000000e+00
   4.830000000000e+00
   4.865000000000e+00
   4.900000000000e+00
   4.935000000000e+00
   4.970000000000e+00
   5.005000000000e+00
   5.040000000000e+00
   5.075000000000e+00
   5.110000000000e+00
   5.145000000000e+00
   5.180000000000e+00
   5.215000000000e+00
   5.250000000000e+00
   5.285000000000e+00
   5.320000000000e+00
   5.355000000000e+00
   5.390000000000e+00
   5.425000000000e+00
   5.460000000000e+00
   5.495000000000e+00
   5.530000000000e+00
   5.565000000000e+00
   5.600000000000e+00
   5.635000000000e+00
   5.670000000000e+00
   5.705000000000e+00
   5.740000000000e+00
   5.775000000000e+00
   5.810000000000e+00
   5.845000000000e+00
   5.880000000000e+00
   5.915000000000e+00
   5.950000000000e+00
   5.985000000000e+00
   6.020000000000e+00
   6.055000000000e+00
   6.090000000000e+00
   6.125000000000e+00
   6.160000000000e+00
   6.195000000000e+00
   6.230000000000e+00
   6.265000000000e+00
   6.300000000000e+00
   6.335000000000e+00
   6.370000000000e+00
   6.405000000000e+00
   6.440000000000e+00
   6.475000000000e+00
   6.510000000000e+00
   6.545000000000e+00
   6.580000000000e+00
   6.615000000000e+00
   6.650000000000e+00
   6.685000000000e+00
   6.720000000000e+00
   6.755000000000e+00
   6.790000000000e+00
   6.825000000000e+00
   6.860000000000e+00
   6.895000000000e+00
   6.930000000000e+00
   6.965000000000e+00
   7.000000000000e+00
