ARMA_MAT_TXT_FN008
600 1
   6.666666666667e-03
   1.333333333333e-02
   2.000000000000e-02
   2.666666666667e-02
   3.333333333333e-02
   4.000000000000e-02
   4.666666666667e-02
   5.333333333333e-02
   6.000000000000e-02
   6.666666666667e-02
   7.333333333333e-02
   8.000000000000e-02
   8.666666666667e-02
   9.333333333333e-02
   1.000000000000e-01
   1.066666666667e-01
   1.133333333333e-01
   1.200000000000e-01
   1.266666666667e-01
   1.333333333333e-01
   1.400000000000e-01
   1.466666666667e-01
   1.533333333333e-01
   1.600000000000e-01
   1.666666666667e-01
   1.733333333333e-01
   1.800000000000e-01
   1.866666666667e-01
   1.933333333333e-01
   2.000000000000e-01
   2.066666666667e-01
   2.133333333333e-01
   2.200000000000e-01
   2.266666666667e-01
   2.333333333333e-01
   2.400000000000e-01
   2.466666666667e-01
   2.533333333333e-01
   2.600000000000e-01
   2.666666666667e-01
   2.733333333333e-01
   2.800000000000e-01
   2.866666666667e-01
   2.933333333333e-01
   3.000000000000e-01
   3.066666666667e-01
   3.133333333333e-01
   3.200000000000e-01
   3.266666666667e-01
   3.333333333333e-01
   3.400000000000e-01
   3.466666666667e-01
   3.533333333333e-01
   3.600000000000e-01
   3.666666666667e-01
   3.733333333333e-01
   3.800000000000e-01
   3.866666666667e-01
   3.933333333333e-01
   4.000000000000e-01
   4.066666666667e-01
   4.133333333333e-01
   4.200000000000e-01
   4.266666666667e-01
   4.333333333333e-01
   4.400000000000e-01
   4.466666666667e-01
   4.533333333333e-01
   4.600000000000e-01
   4.666666666667e-01
   4.733333333333e-01
   4.800000000000e-01
   4.866666666667e-01
   4.933333333333e-01
   5.000000000000e-01
   5.066666666667e-01
   5.133333333333e-01
   5.200000000000e-01
   5.266666666667e-01
   5.333333333333e-01
   5.400000000000e-01
   5.466666666667e-01
   5.533333333333e-01
   5.600000000000e-01
   5.666666666667e-01
   5.733333333333e-01
   5.800000000000e-01
   5.866666666667e-01
   5.933333333333e-01
   6.000000000000e-01
   6.066666666667e-01
   6.133333333333e-01
   6.200000000000e-01
   6.266666666667e-01
   6.333333333333e-01
   6.400000000000e-01
   6.466666666667e-01
   6.533333333333e-01
   6.600000000000e-01
   6.666666666667e-01
   6.733333333333e-01
   6.800000000000e-01
   6.866666666667e-01
   6.933333333333e-01
   7.000000000000e-01
   7.066666666667e-01
   7.133333333333e-01
   7.200000000000e-01
   7.266666666667e-01
   7.333333333333e-01
   7.400000000000e-01
   7.466666666667e-01
   7.533333333333e-01
   7.600000000000e-01
   7.666666666667e-01
   7.733333333333e-01
   7.800000000000e-01
   7.866666666667e-01
   7.933333333333e-01
   8.000000000000e-01
   8.066666666667e-01
   8.133333333333e-01
   8.200000000000e-01
   8.266666666667e-01
   8.333333333333e-01
   8.400000000000e-01
   8.466666666667e-01
   8.533333333333e-01
   8.600000000000e-01
   8.666666666667e-01
   8.733333333333e-01
   8.800000000000e-01
   8.866666666667e-01
   8.933333333333e-01
   9.000000000000e-01
   9.066666666667e-01
   9.133333333333e-01
   9.200000000000e-01
   9.266666666667e-01
   9.333333333333e-01
   9.400000000000e-01
   9.466666666667e-01
   9.533333333333e-01
   9.600000000000e-01
   9.666666666667e-01
   9.733333333333e-01
   9.800000000000e-01
   9.866666666667e-01
   9.933333333333e-01
   1.000000000000e+00
   1.006666666667e+00
   1.013333333333e+00
   1.020000000000e+00
   1.026666666667e+00
   1.033333333333e+00
   1.040000000000e+00
   1.046666666667e+00
   1.053333333333e+00
   1.060000000000e+00
   1.066666666667e+00
   1.073333333333e+00
   1.080000000000e+00
   1.086666666667e+00
   1.093333333333e+00
   1.100000000000e+00
   1.106666666667e+00
   1.113333333333e+00
   1.120000000000e+00
   1.126666666667e+00
   1.133333333333e+00
   1.140000000000e+00
   1.146666666667e+00
   1.153333333333e+00
   1.160000000000e+00
   1.166666666667e+00
   1.173333333333e+00
   1.180000000000e+00
   1.186666666667e+00
   1.193333333333e+00
   1.200000000000e+00
   1.206666666667e+00
   1.213333333333e+00
   1.220000000000e+00
   1.226666666667e+00
   1.233333333333e+00
   1.240000000000e+00
   1.246666666667e+00
   1.253333333333e+00
   1.260000000000e+00
   1.266666666667e+00
   1.273333333333e+00
   1.280000000000e+00
   1.286666666667e+00
   1.293333333333e+00
   1.300000000000e+00
   1.306666666667e+00
   1.313333333333e+00
   1.320000000000e+00
   1.326666666667e+00
   1.333333333333e+00
   1.340000000000e+00
   1.346666666667e+00
   1.353333333333e+00
   1.360000000000e+00
   1.366666666667e+00
   1.373333333333e+00
   1.380000000000e+00
   1.386666666667e+00
   1.393333333333e+00
   1.400000000000e+00
   1.406666666667e+00
   1.413333333333e+00
   1.420000000000e+00
   1.426666666667e+00
   1.433333333333e+00
   1.440000000000e+00
   1.446666666667e+00
   1.453333333333e+00
   1.460000000000e+00
   1.466666666667e+00
   1.473333333333e+00
   1.480000000000e+00
   1.486666666667e+00
   1.493333333333e+00
   1.500000000000e+00
   1.506666666667e+00
   1.513333333333e+00
   1.520000000000e+00
   1.526666666667e+00
   1.533333333333e+00
   1.540000000000e+00
   1.546666666667e+00
   1.553333333333e+00
   1.560000000000e+00
   1.566666666667e+00
   1.573333333333e+00
   1.580000000000e+00
   1.586666666667e+00
   1.593333333333e+00
   1.600000000000e+00
   1.606666666667e+00
   1.613333333333e+00
   1.620000000000e+00
   1.626666666667e+00
   1.633333333333e+00
   1.640000000000e+00
   1.646666666667e+00
   1.653333333333e+00
   1.660000000000e+00
   1.666666666667e+00
   1.673333333333e+00
   1.680000000000e+00
   1.686666666667e+00
   1.693333333333e+00
   1.700000000000e+00
   1.706666666667e+00
   1.713333333333e+00
   1.720000000000e+00
   1.726666666667e+00
   1.733333333333e+00
   1.740000000000e+00
   1.746666666667e+00
   1.753333333333e+00
   1.760000000000e+00
   1.766666666667e+00
   1.773333333333e+00
   1.780000000000e+00
   1.786666666667e+00
   1.793333333333e+00
   1.800000000000e+00
   1.806666666667e+00
   1.813333333333e+00
   1.820000000000e+00
   1.826666666667e+00
   1.833333333333e+00
   1.840000000000e+00
   1.846666666667e+00
   1.853333333333e+00
   1.860000000000e+00
   1.866666666667e+00
   1.873333333333e+00
   1.880000000000e+00
   1.886666666667e+00
   1.893333333333e+00
   1.900000000000e+00
   1.906666666667e+00
   1.913333333333e+00
   1.920000000000e+00
   1.926666666667e+00
   1.933333333333e+00
   1.940000000000e+00
   1.946666666667e+00
   1.953333333333e+00
   1.960000000000e+00
   1.966666666667e+00
   1.973333333333e+00
   1.980000000000e+00
   1.986666666667e+00
   1.993333333333e+00
   2.000000000000e+00
   2.006666666667e+00
   2.013333333333e+00
   2.020000000000e+00
   2.026666666667e+00
   2.033333333333e+00
   2.040000000000e+00
   2.046666666667e+00
   2.053333333333e+00
   2.060000000000e+00
   2.066666666667e+00
   2.073333333333e+00
   2.080000000000e+00
   2.086666666667e+00
   2.093333333333e+00
   2.100000000000e+00
   2.106666666667e+00
   2.113333333333e+00
   2.120000000000e+00
   2.126666666667e+00
   2.133333333333e+00
   2.140000000000e+00
   2.146666666667e+00
   2.153333333333e+00
   2.160000000000e+00
   2.166666666667e+00
   2.173333333333e+00
   2.180000000000e+00
   2.186666666667e+00
   2.193333333333e+00
   2.200000000000e+00
   2.206666666667e+00
   2.213333333333e+00
   2.220000000000e+00
   2.226666666667e+00
   2.233333333333e+00
   2.240000000000e+00
   2.246666666667e+00
   2.253333333333e+00
   2.260000000000e+00
   2.266666666667e+00
   2.273333333333e+00
   2.280000000000e+00
   2.286666666667e+00
   2.293333333333e+00
   2.300000000000e+00
   2.306666666667e+00
   2.313333333333e+00
   2.320000000000e+00
   2.326666666667e+00
   2.333333333333e+00
   2.340000000000e+00
   2.346666666667e+00
   2.353333333333e+00
   2.360000000000e+00
   2.366666666667e+00
   2.373333333333e+00
   2.380000000000e+00
   2.386666666667e+00
   2.393333333333e+00
   2.400000000000e+00
   2.406666666667e+00
   2.413333333333e+00
   2.420000000000e+00
   2.426666666667e+00
   2.433333333333e+00
   2.440000000000e+00
   2.446666666667e+00
   2.453333333333e+00
   2.460000000000e+00
   2.466666666667e+00
   2.473333333333e+00
   2.480000000000e+00
   2.486666666667e+00
   2.493333333333e+00
   2.500000000000e+00
   2.506666666667e+00
   2.513333333333e+00
   2.520000000000e+00
   2.526666666667e+00
   2.533333333333e+00
   2.540000000000e+00
   2.546666666667e+00
   2.553333333333e+00
   2.560000000000e+00
   2.566666666667e+00
   2.573333333333e+00
   2.580000000000e+00
   2.586666666667e+00
   2.593333333333e+00
   2.600000000000e+00
   2.606666666667e+00
   2.613333333333e+00
   2.620000000000e+00
   2.626666666667e+00
   2.633333333333e+00
   2.640000000000e+00
   2.646666666667e+00
   2.653333333333e+00
   2.660000000000e+00
   2.666666666667e+00
   2.673333333333e+00
   2.680000000000e+00
   2.686666666667e+00
   2.693333333333e+00
   2.700000000000e+00
   2.706666666667e+00
   2.713333333333e+00
   2.720000000000e+00
   2.726666666667e+00
   2.733333333333e+00
   2.740000000000e+00
   2.746666666667e+00
   2.753333333333e+00
   2.760000000000e+00
   2.766666666667e+00
   2.773333333333e+00
   2.780000000000e+00
   2.786666666667e+00
   2.793333333333e+00
   2.800000000000e+00
   2.806666666667e+00
   2.813333333333e+00
   2.820000000000e+00
   2.826666666667e+00
   2.833333333333e+00
   2.840000000000e+00
   2.846666666667e+00
   2.853333333333e+00
   2.860000000000e+00
   2.866666666667e+00
   2.873333333333e+00
   2.880000000000e+00
   2.886666666667e+00
   2.893333333333e+00
   2.900000000000e+00
   2.906666666667e+00
   2.913333333333e+00
   2.920000000000e+00
   2.926666666667e+00
   2.933333333333e+00
   2.940000000000e+00
   2.946666666667e+00
   2.953333333333e+00
   2.960000000000e+00
   2.966666666667e+00
   2.973333333333e+00
   2.980000000000e+00
   2.986666666667e+00
   2.993333333333e+00
   3.000000000000e+00
   3.006666666667e+00
   3.013333333333e+00
   3.020000000000e+00
   3.026666666667e+00
   3.033333333333e+00
   3.040000000000e+00
   3.046666666667e+00
   3.053333333333e+00
   3.060000000000e+00
   3.066666666667e+00
   3.073333333333e+00
   3.080000000000e+00
   3.086666666667e+00
   3.093333333333e+00
   3.100000000000e+00
   3.106666666667e+00
   3.113333333333e+00
   3.120000000000e+00
   3.126666666667e+00
   3.133333333333e+00
   3.140000000000e+00
   3.146666666667e+00
   3.153333333333e+00
   3.160000000000e+00
   3.166666666667e+00
   3.173333333333e+00
   3.180000000000e+00
   3.186666666667e+00
   3.193333333333e+00
   3.200000000000e+00
   3.206666666667e+00
   3.213333333333e+00
   3.220000000000e+00
   3.226666666667e+00
   3.233333333333e+00
   3.240000000000e+00
   3.246666666667e+00
   3.253333333333e+00
   3.260000000000e+00
   3.266666666667e+00
   3.273333333333e+00
   3.280000000000e+00
   3.286666666667e+00
   3.293333333333e+00
   3.300000000000e+00
   3.306666666667e+00
   3.313333333333e+00
   3.320000000000e+00
   3.326666666667e+00
   3.333333333333e+00
   3.340000000000e+00
   3.346666666667e+00
   3.353333333333e+00
   3.360000000000e+00
   3.366666666667e+00
   3.373333333333e+00
   3.380000000000e+00
   3.386666666667e+00
   3.393333333333e+00
   3.400000000000e+00
   3.406666666667e+00
   3.413333333333e+00
   3.420000000000e+00
   3.426666666667e+00
   3.433333333333e+00
   3.440000000000e+00
   3.446666666667e+00
   3.453333333333e+00
   3.460000000000e+00
   3.466666666667e+00
   3.473333333333e+00
   3.480000000000e+00
   3.486666666667e+00
   3.493333333333e+00
   3.500000000000e+00
   3.506666666667e+00
   3.513333333333e+00
   3.520000000000e+00
   3.526666666667e+00
   3.533333333333e+00
   3.540000000000e+00
   3.546666666667e+00
   3.553333333333e+00
   3.560000000000e+00
   3.566666666667e+00
   3.573333333333e+00
   3.580000000000e+00
   3.586666666667e+00
   3.593333333333e+00
   3.600000000000e+00
   3.606666666667e+00
   3.613333333333e+00
   3.620000000000e+00
   3.626666666667e+00
   3.633333333333e+00
   3.640000000000e+00
   3.646666666667e+00
   3.653333333333e+00
   3.660000000000e+00
   3.666666666667e+00
   3.673333333333e+00
   3.680000000000e+00
   3.686666666667e+00
   3.693333333333e+00
   3.700000000000e+00
   3.706666666667e+00
   3.713333333333e+00
   3.720000000000e+00
   3.726666666667e+00
   3.733333333333e+00
   3.740000000000e+00
   3.746666666667e+00
   3.753333333333e+00
   3.760000000000e+00
   3.766666666667e+00
   3.773333333333e+00
   3.780000000000e+00
   3.786666666667e+00
   3.793333333333e+00
   3.800000000000e+00
   3.806666666667e+00
   3.813333333333e+00
   3.820000000000e+00
   3.826666666667e+00
   3.833333333333e+00
   3.840000000000e+00
   3.846666666667e+00
   3.853333333333e+00
   3.860000000000e+00
   3.866666666667e+00
   3.873333333333e+00
   3.880000000000e+00
   3.886666666667e+00
   3.893333333333e+00
   3.900000000000e+00
   3.906666666667e+00
   3.913333333333e+00
   3.920000000000e+00
   3.926666666667e+00
   3.933333333333e+00
   3.940000000000e+00
   3.946666666667e+00
   3.953333333333e+00
   3.960000000000e+00
   3.966666666667e+00
   3.973333333333e+00
   3.980000000000e+00
   3.986666666667e+00
   3.993333333333e+00
   4.000000000000e+00
