ARMA_MAT_TXT_FN008
200 1
   7.500000000000e-02
   1.500000000000e-01
   2.250000000000e-01
   3.000000000000e-01
   3.750000000000e-01
   4.500000000000e-01
   5.250000000000e-01
   6.000000000000e-01
   6.750000000000e-01
   7.500000000000e-01
   8.250000000000e-01
   9.000000000000e-01
   9.750000000000e-01
   1.050000000000e+00
   1.125000000000e+00
   1.200000000000e+00
   1.275000000000e+00
   1.350000000000e+00
   1.425000000000e+00
   1.500000000000e+00
   1.575000000000e+00
   1.650000000000e+00
   1.725000000000e+00
   1.800000000000e+00
   1.875000000000e+00
   1.950000000000e+00
   2.025000000000e+00
   2.100000000000e+00
   2.175000000000e+00
   2.250000000000e+00
   2.325000000000e+00
   2.400000000000e+00
   2.475000000000e+00
   2.550000000000e+00
   2.625000000000e+00
   2.700000000000e+00
   2.775000000000e+00
   2.850000000000e+00
   2.925000000000e+00
   3.000000000000e+00
   3.075000000000e+00
   3.150000000000e+00
   3.225000000000e+00
   3.300000000000e+00
   3.375000000000e+00
   3.450000000000e+00
   3.525000000000e+00
   3.600000000000e+00
   3.675000000000e+00
   3.750000000000e+00
   3.825000000000e+00
   3.900000000000e+00
   3.975000000000e+00
   4.050000000000e+00
   4.125000000000e+00
   4.200000000000e+00
   4.275000000000e+00
   4.350000000000e+00
   4.425000000000e+00
   4.500000000000e+00
   4.575000000000e+00
   4.650000000000e+00
   4.725000000000e+00
   4.800000000000e+00
   4.875000000000e+00
   4.950000000000e+00
   5.025000000000e+00
   5.100000000000e+00
   5.175000000000e+00
   5.250000000000e+00
   5.325000000000e+00
   5.400000000000e+00
   5.475000000000e+00
   5.550000000000e+00
   5.625000000000e+00
   5.700000000000e+00
   5.775000000000e+00
   5.850000000000e+00
   5.925000000000e+00
   6.000000000000e+00
   6.075000000000e+00
   6.150000000000e+00
   6.225000000000e+00
   6.300000000000e+00
   6.375000000000e+00
   6.450000000000e+00
   6.525000000000e+00
   6.600000000000e+00
   6.675000000000e+00
   6.750000000000e+00
   6.825000000000e+00
   6.900000000000e+00
   6.975000000000e+00
   7.050000000000e+00
   7.125000000000e+00
   7.200000000000e+00
   7.275000000000e+00
   7.350000000000e+00
   7.425000000000e+00
   7.500000000000e+00
   7.575000000000e+00
   7.650000000000e+00
   7.725000000000e+00
   7.800000000000e+00
   7.875000000000e+00
   7.950000000000e+00
   8.025000000000e+00
   8.100000000000e+00
   8.175000000000e+00
   8.250000000000e+00
   8.325000000000e+00
   8.400000000000e+00
   8.475000000000e+00
   8.550000000000e+00
   8.625000000000e+00
   8.700000000000e+00
   8.775000000000e+00
   8.850000000000e+00
   8.925000000000e+00
   9.000000000000e+00
   9.075000000000e+00
   9.150000000000e+00
   9.225000000000e+00
   9.300000000000e+00
   9.375000000000e+00
   9.450000000000e+00
   9.525000000000e+00
   9.600000000000e+00
   9.675000000000e+00
   9.750000000000e+00
   9.825000000000e+00
   9.900000000000e+00
   9.975000000000e+00
   1.005000000000e+01
   1.012500000000e+01
   1.020000000000e+01
   1.027500000000e+01
   1.035000000000e+01
   1.042500000000e+01
   1.050000000000e+01
   1.057500000000e+01
   1.065000000000e+01
   1.072500000000e+01
   1.080000000000e+01
   1.087500000000e+01
   1.095000000000e+01
   1.102500000000e+01
   1.110000000000e+01
   1.117500000000e+01
   1.125000000000e+01
   1.132500000000e+01
   1.140000000000e+01
   1.147500000000e+01
   1.155000000000e+01
   1.162500000000e+01
   1.170000000000e+01
   1.177500000000e+01
   1.185000000000e+01
   1.192500000000e+01
   1.200000000000e+01
   1.207500000000e+01
   1.215000000000e+01
   1.222500000000e+01
   1.230000000000e+01
   1.237500000000e+01
   1.245000000000e+01
   1.252500000000e+01
   1.260000000000e+01
   1.267500000000e+01
   1.275000000000e+01
   1.282500000000e+01
   1.290000000000e+01
   1.297500000000e+01
   1.305000000000e+01
   1.312500000000e+01
   1.320000000000e+01
   1.327500000000e+01
   1.335000000000e+01
   1.342500000000e+01
   1.350000000000e+01
   1.357500000000e+01
   1.365000000000e+01
   1.372500000000e+01
   1.380000000000e+01
   1.387500000000e+01
   1.395000000000e+01
   1.402500000000e+01
   1.410000000000e+01
   1.417500000000e+01
   1.425000000000e+01
   1.432500000000e+01
   1.440000000000e+01
   1.447500000000e+01
   1.455000000000e+01
   1.462500000000e+01
   1.470000000000e+01
   1.477500000000e+01
   1.485000000000e+01
   1.492500000000e+01
   1.500000000000e+01
