ARMA_MAT_TXT_FN008
600 1
   1.166666666667e-02
   2.333333333333e-02
   3.500000000000e-02
   4.666666666667e-02
   5.833333333333e-02
   7.000000000000e-02
   8.166666666667e-02
   9.333333333333e-02
   1.050000000000e-01
   1.166666666667e-01
   1.283333333333e-01
   1.400000000000e-01
   1.516666666667e-01
   1.633333333333e-01
   1.750000000000e-01
   1.866666666667e-01
   1.983333333333e-01
   2.100000000000e-01
   2.216666666667e-01
   2.333333333333e-01
   2.450000000000e-01
   2.566666666667e-01
   2.683333333333e-01
   2.800000000000e-01
   2.916666666667e-01
   3.033333333333e-01
   3.150000000000e-01
   3.266666666667e-01
   3.383333333333e-01
   3.500000000000e-01
   3.616666666667e-01
   3.733333333333e-01
   3.850000000000e-01
   3.966666666667e-01
   4.083333333333e-01
   4.200000000000e-01
   4.316666666667e-01
   4.433333333333e-01
   4.550000000000e-01
   4.666666666667e-01
   4.783333333333e-01
   4.900000000000e-01
   5.016666666667e-01
   5.133333333333e-01
   5.250000000000e-01
   5.366666666667e-01
   5.483333333333e-01
   5.600000000000e-01
   5.716666666667e-01
   5.833333333333e-01
   5.950000000000e-01
   6.066666666667e-01
   6.183333333333e-01
   6.300000000000e-01
   6.416666666667e-01
   6.533333333333e-01
   6.650000000000e-01
   6.766666666667e-01
   6.883333333333e-01
   7.000000000000e-01
   7.116666666667e-01
   7.233333333333e-01
   7.350000000000e-01
   7.466666666667e-01
   7.583333333333e-01
   7.700000000000e-01
   7.816666666667e-01
   7.933333333333e-01
   8.050000000000e-01
   8.166666666667e-01
   8.283333333333e-01
   8.400000000000e-01
   8.516666666667e-01
   8.633333333333e-01
   8.750000000000e-01
   8.866666666667e-01
   8.983333333333e-01
   9.100000000000e-01
   9.216666666667e-01
   9.333333333333e-01
   9.450000000000e-01
   9.566666666667e-01
   9.683333333333e-01
   9.800000000000e-01
   9.916666666667e-01
   1.003333333333e+00
   1.015000000000e+00
   1.026666666667e+00
   1.038333333333e+00
   1.050000000000e+00
   1.061666666667e+00
   1.073333333333e+00
   1.085000000000e+00
   1.096666666667e+00
   1.108333333333e+00
   1.120000000000e+00
   1.131666666667e+00
   1.143333333333e+00
   1.155000000000e+00
   1.166666666667e+00
   1.178333333333e+00
   1.190000000000e+00
   1.201666666667e+00
   1.213333333333e+00
   1.225000000000e+00
   1.236666666667e+00
   1.248333333333e+00
   1.260000000000e+00
   1.271666666667e+00
   1.283333333333e+00
   1.295000000000e+00
   1.306666666667e+00
   1.318333333333e+00
   1.330000000000e+00
   1.341666666667e+00
   1.353333333333e+00
   1.365000000000e+00
   1.376666666667e+00
   1.388333333333e+00
   1.400000000000e+00
   1.411666666667e+00
   1.423333333333e+00
   1.435000000000e+00
   1.446666666667e+00
   1.458333333333e+00
   1.470000000000e+00
   1.481666666667e+00
   1.493333333333e+00
   1.505000000000e+00
   1.516666666667e+00
   1.528333333333e+00
   1.540000000000e+00
   1.551666666667e+00
   1.563333333333e+00
   1.575000000000e+00
   1.586666666667e+00
   1.598333333333e+00
   1.610000000000e+00
   1.621666666667e+00
   1.633333333333e+00
   1.645000000000e+00
   1.656666666667e+00
   1.668333333333e+00
   1.680000000000e+00
   1.691666666667e+00
   1.703333333333e+00
   1.715000000000e+00
   1.726666666667e+00
   1.738333333333e+00
   1.750000000000e+00
   1.761666666667e+00
   1.773333333333e+00
   1.785000000000e+00
   1.796666666667e+00
   1.808333333333e+00
   1.820000000000e+00
   1.831666666667e+00
   1.843333333333e+00
   1.855000000000e+00
   1.866666666667e+00
   1.878333333333e+00
   1.890000000000e+00
   1.901666666667e+00
   1.913333333333e+00
   1.925000000000e+00
   1.936666666667e+00
   1.948333333333e+00
   1.960000000000e+00
   1.971666666667e+00
   1.983333333333e+00
   1.995000000000e+00
   2.006666666667e+00
   2.018333333333e+00
   2.030000000000e+00
   2.041666666667e+00
   2.053333333333e+00
   2.065000000000e+00
   2.076666666667e+00
   2.088333333333e+00
   2.100000000000e+00
   2.111666666667e+00
   2.123333333333e+00
   2.135000000000e+00
   2.146666666667e+00
   2.158333333333e+00
   2.170000000000e+00
   2.181666666667e+00
   2.193333333333e+00
   2.205000000000e+00
   2.216666666667e+00
   2.228333333333e+00
   2.240000000000e+00
   2.251666666667e+00
   2.263333333333e+00
   2.275000000000e+00
   2.286666666667e+00
   2.298333333333e+00
   2.310000000000e+00
   2.321666666667e+00
   2.333333333333e+00
   2.345000000000e+00
   2.356666666667e+00
   2.368333333333e+00
   2.380000000000e+00
   2.391666666667e+00
   2.403333333333e+00
   2.415000000000e+00
   2.426666666667e+00
   2.438333333333e+00
   2.450000000000e+00
   2.461666666667e+00
   2.473333333333e+00
   2.485000000000e+00
   2.496666666667e+00
   2.508333333333e+00
   2.520000000000e+00
   2.531666666667e+00
   2.543333333333e+00
   2.555000000000e+00
   2.566666666667e+00
   2.578333333333e+00
   2.590000000000e+00
   2.601666666667e+00
   2.613333333333e+00
   2.625000000000e+00
   2.636666666667e+00
   2.648333333333e+00
   2.660000000000e+00
   2.671666666667e+00
   2.683333333333e+00
   2.695000000000e+00
   2.706666666667e+00
   2.718333333333e+00
   2.730000000000e+00
   2.741666666667e+00
   2.753333333333e+00
   2.765000000000e+00
   2.776666666667e+00
   2.788333333333e+00
   2.800000000000e+00
   2.811666666667e+00
   2.823333333333e+00
   2.835000000000e+00
   2.846666666667e+00
   2.858333333333e+00
   2.870000000000e+00
   2.881666666667e+00
   2.893333333333e+00
   2.905000000000e+00
   2.916666666667e+00
   2.928333333333e+00
   2.940000000000e+00
   2.951666666667e+00
   2.963333333333e+00
   2.975000000000e+00
   2.986666666667e+00
   2.998333333333e+00
   3.010000000000e+00
   3.021666666667e+00
   3.033333333333e+00
   3.045000000000e+00
   3.056666666667e+00
   3.068333333333e+00
   3.080000000000e+00
   3.091666666667e+00
   3.103333333333e+00
   3.115000000000e+00
   3.126666666667e+00
   3.138333333333e+00
   3.150000000000e+00
   3.161666666667e+00
   3.173333333333e+00
   3.185000000000e+00
   3.196666666667e+00
   3.208333333333e+00
   3.220000000000e+00
   3.231666666667e+00
   3.243333333333e+00
   3.255000000000e+00
   3.266666666667e+00
   3.278333333333e+00
   3.290000000000e+00
   3.301666666667e+00
   3.313333333333e+00
   3.325000000000e+00
   3.336666666667e+00
   3.348333333333e+00
   3.360000000000e+00
   3.371666666667e+00
   3.383333333333e+00
   3.395000000000e+00
   3.406666666667e+00
   3.418333333333e+00
   3.430000000000e+00
   3.441666666667e+00
   3.453333333333e+00
   3.465000000000e+00
   3.476666666667e+00
   3.488333333333e+00
   3.500000000000e+00
   3.511666666667e+00
   3.523333333333e+00
   3.535000000000e+00
   3.546666666667e+00
   3.558333333333e+00
   3.570000000000e+00
   3.581666666667e+00
   3.593333333333e+00
   3.605000000000e+00
   3.616666666667e+00
   3.628333333333e+00
   3.640000000000e+00
   3.651666666667e+00
   3.663333333333e+00
   3.675000000000e+00
   3.686666666667e+00
   3.698333333333e+00
   3.710000000000e+00
   3.721666666667e+00
   3.733333333333e+00
   3.745000000000e+00
   3.756666666667e+00
   3.768333333333e+00
   3.780000000000e+00
   3.791666666667e+00
   3.803333333333e+00
   3.815000000000e+00
   3.826666666667e+00
   3.838333333333e+00
   3.850000000000e+00
   3.861666666667e+00
   3.873333333333e+00
   3.885000000000e+00
   3.896666666667e+00
   3.908333333333e+00
   3.920000000000e+00
   3.931666666667e+00
   3.943333333333e+00
   3.955000000000e+00
   3.966666666667e+00
   3.978333333333e+00
   3.990000000000e+00
   4.001666666667e+00
   4.013333333333e+00
   4.025000000000e+00
   4.036666666667e+00
   4.048333333333e+00
   4.060000000000e+00
   4.071666666667e+00
   4.083333333333e+00
   4.095000000000e+00
   4.106666666667e+00
   4.118333333333e+00
   4.130000000000e+00
   4.141666666667e+00
   4.153333333333e+00
   4.165000000000e+00
   4.176666666667e+00
   4.188333333333e+00
   4.200000000000e+00
   4.211666666667e+00
   4.223333333333e+00
   4.235000000000e+00
   4.246666666667e+00
   4.258333333333e+00
   4.270000000000e+00
   4.281666666667e+00
   4.293333333333e+00
   4.305000000000e+00
   4.316666666667e+00
   4.328333333333e+00
   4.340000000000e+00
   4.351666666667e+00
   4.363333333333e+00
   4.375000000000e+00
   4.386666666667e+00
   4.398333333333e+00
   4.410000000000e+00
   4.421666666667e+00
   4.433333333333e+00
   4.445000000000e+00
   4.456666666667e+00
   4.468333333333e+00
   4.480000000000e+00
   4.491666666667e+00
   4.503333333333e+00
   4.515000000000e+00
   4.526666666667e+00
   4.538333333333e+00
   4.550000000000e+00
   4.561666666667e+00
   4.573333333333e+00
   4.585000000000e+00
   4.596666666667e+00
   4.608333333333e+00
   4.620000000000e+00
   4.631666666667e+00
   4.643333333333e+00
   4.655000000000e+00
   4.666666666667e+00
   4.678333333333e+00
   4.690000000000e+00
   4.701666666667e+00
   4.713333333333e+00
   4.725000000000e+00
   4.736666666667e+00
   4.748333333333e+00
   4.760000000000e+00
   4.771666666667e+00
   4.783333333333e+00
   4.795000000000e+00
   4.806666666667e+00
   4.818333333333e+00
   4.830000000000e+00
   4.841666666667e+00
   4.853333333333e+00
   4.865000000000e+00
   4.876666666667e+00
   4.888333333333e+00
   4.900000000000e+00
   4.911666666667e+00
   4.923333333333e+00
   4.935000000000e+00
   4.946666666667e+00
   4.958333333333e+00
   4.970000000000e+00
   4.981666666667e+00
   4.993333333333e+00
   5.005000000000e+00
   5.016666666667e+00
   5.028333333333e+00
   5.040000000000e+00
   5.051666666667e+00
   5.063333333333e+00
   5.075000000000e+00
   5.086666666667e+00
   5.098333333333e+00
   5.110000000000e+00
   5.121666666667e+00
   5.133333333333e+00
   5.145000000000e+00
   5.156666666667e+00
   5.168333333333e+00
   5.180000000000e+00
   5.191666666667e+00
   5.203333333333e+00
   5.215000000000e+00
   5.226666666667e+00
   5.238333333333e+00
   5.250000000000e+00
   5.261666666667e+00
   5.273333333333e+00
   5.285000000000e+00
   5.296666666667e+00
   5.308333333333e+00
   5.320000000000e+00
   5.331666666667e+00
   5.343333333333e+00
   5.355000000000e+00
   5.366666666667e+00
   5.378333333333e+00
   5.390000000000e+00
   5.401666666667e+00
   5.413333333333e+00
   5.425000000000e+00
   5.436666666667e+00
   5.448333333333e+00
   5.460000000000e+00
   5.471666666667e+00
   5.483333333333e+00
   5.495000000000e+00
   5.506666666667e+00
   5.518333333333e+00
   5.530000000000e+00
   5.541666666667e+00
   5.553333333333e+00
   5.565000000000e+00
   5.576666666667e+00
   5.588333333333e+00
   5.600000000000e+00
   5.611666666667e+00
   5.623333333333e+00
   5.635000000000e+00
   5.646666666667e+00
   5.658333333333e+00
   5.670000000000e+00
   5.681666666667e+00
   5.693333333333e+00
   5.705000000000e+00
   5.716666666667e+00
   5.728333333333e+00
   5.740000000000e+00
   5.751666666667e+00
   5.763333333333e+00
   5.775000000000e+00
   5.786666666667e+00
   5.798333333333e+00
   5.810000000000e+00
   5.821666666667e+00
   5.833333333333e+00
   5.845000000000e+00
   5.856666666667e+00
   5.868333333333e+00
   5.880000000000e+00
   5.891666666667e+00
   5.903333333333e+00
   5.915000000000e+00
   5.926666666667e+00
   5.938333333333e+00
   5.950000000000e+00
   5.961666666667e+00
   5.973333333333e+00
   5.985000000000e+00
   5.996666666667e+00
   6.008333333333e+00
   6.020000000000e+00
   6.031666666667e+00
   6.043333333333e+00
   6.055000000000e+00
   6.066666666667e+00
   6.078333333333e+00
   6.090000000000e+00
   6.101666666667e+00
   6.113333333333e+00
   6.125000000000e+00
   6.136666666667e+00
   6.148333333333e+00
   6.160000000000e+00
   6.171666666667e+00
   6.183333333333e+00
   6.195000000000e+00
   6.206666666667e+00
   6.218333333333e+00
   6.230000000000e+00
   6.241666666667e+00
   6.253333333333e+00
   6.265000000000e+00
   6.276666666667e+00
   6.288333333333e+00
   6.300000000000e+00
   6.311666666667e+00
   6.323333333333e+00
   6.335000000000e+00
   6.346666666667e+00
   6.358333333333e+00
   6.370000000000e+00
   6.381666666667e+00
   6.393333333333e+00
   6.405000000000e+00
   6.416666666667e+00
   6.428333333333e+00
   6.440000000000e+00
   6.451666666667e+00
   6.463333333333e+00
   6.475000000000e+00
   6.486666666667e+00
   6.498333333333e+00
   6.510000000000e+00
   6.521666666667e+00
   6.533333333333e+00
   6.545000000000e+00
   6.556666666667e+00
   6.568333333333e+00
   6.580000000000e+00
   6.591666666667e+00
   6.603333333333e+00
   6.615000000000e+00
   6.626666666667e+00
   6.638333333333e+00
   6.650000000000e+00
   6.661666666667e+00
   6.673333333333e+00
   6.685000000000e+00
   6.696666666667e+00
   6.708333333333e+00
   6.720000000000e+00
   6.731666666667e+00
   6.743333333333e+00
   6.755000000000e+00
   6.766666666667e+00
   6.778333333333e+00
   6.790000000000e+00
   6.801666666667e+00
   6.813333333333e+00
   6.825000000000e+00
   6.836666666667e+00
   6.848333333333e+00
   6.860000000000e+00
   6.871666666667e+00
   6.883333333333e+00
   6.895000000000e+00
   6.906666666667e+00
   6.918333333333e+00
   6.930000000000e+00
   6.941666666667e+00
   6.953333333333e+00
   6.965000000000e+00
   6.976666666667e+00
   6.988333333333e+00
   7.000000000000e+00
