ARMA_MAT_TXT_FN008
400 1
   3.750000000000e-02
   7.500000000000e-02
   1.125000000000e-01
   1.500000000000e-01
   1.875000000000e-01
   2.250000000000e-01
   2.625000000000e-01
   3.000000000000e-01
   3.375000000000e-01
   3.750000000000e-01
   4.125000000000e-01
   4.500000000000e-01
   4.875000000000e-01
   5.250000000000e-01
   5.625000000000e-01
   6.000000000000e-01
   6.375000000000e-01
   6.750000000000e-01
   7.125000000000e-01
   7.500000000000e-01
   7.875000000000e-01
   8.250000000000e-01
   8.625000000000e-01
   9.000000000000e-01
   9.375000000000e-01
   9.750000000000e-01
   1.012500000000e+00
   1.050000000000e+00
   1.087500000000e+00
   1.125000000000e+00
   1.162500000000e+00
   1.200000000000e+00
   1.237500000000e+00
   1.275000000000e+00
   1.312500000000e+00
   1.350000000000e+00
   1.387500000000e+00
   1.425000000000e+00
   1.462500000000e+00
   1.500000000000e+00
   1.537500000000e+00
   1.575000000000e+00
   1.612500000000e+00
   1.650000000000e+00
   1.687500000000e+00
   1.725000000000e+00
   1.762500000000e+00
   1.800000000000e+00
   1.837500000000e+00
   1.875000000000e+00
   1.912500000000e+00
   1.950000000000e+00
   1.987500000000e+00
   2.025000000000e+00
   2.062500000000e+00
   2.100000000000e+00
   2.137500000000e+00
   2.175000000000e+00
   2.212500000000e+00
   2.250000000000e+00
   2.287500000000e+00
   2.325000000000e+00
   2.362500000000e+00
   2.400000000000e+00
   2.437500000000e+00
   2.475000000000e+00
   2.512500000000e+00
   2.550000000000e+00
   2.587500000000e+00
   2.625000000000e+00
   2.662500000000e+00
   2.700000000000e+00
   2.737500000000e+00
   2.775000000000e+00
   2.812500000000e+00
   2.850000000000e+00
   2.887500000000e+00
   2.925000000000e+00
   2.962500000000e+00
   3.000000000000e+00
   3.037500000000e+00
   3.075000000000e+00
   3.112500000000e+00
   3.150000000000e+00
   3.187500000000e+00
   3.225000000000e+00
   3.262500000000e+00
   3.300000000000e+00
   3.337500000000e+00
   3.375000000000e+00
   3.412500000000e+00
   3.450000000000e+00
   3.487500000000e+00
   3.525000000000e+00
   3.562500000000e+00
   3.600000000000e+00
   3.637500000000e+00
   3.675000000000e+00
   3.712500000000e+00
   3.750000000000e+00
   3.787500000000e+00
   3.825000000000e+00
   3.862500000000e+00
   3.900000000000e+00
   3.937500000000e+00
   3.975000000000e+00
   4.012500000000e+00
   4.050000000000e+00
   4.087500000000e+00
   4.125000000000e+00
   4.162500000000e+00
   4.200000000000e+00
   4.237500000000e+00
   4.275000000000e+00
   4.312500000000e+00
   4.350000000000e+00
   4.387500000000e+00
   4.425000000000e+00
   4.462500000000e+00
   4.500000000000e+00
   4.537500000000e+00
   4.575000000000e+00
   4.612500000000e+00
   4.650000000000e+00
   4.687500000000e+00
   4.725000000000e+00
   4.762500000000e+00
   4.800000000000e+00
   4.837500000000e+00
   4.875000000000e+00
   4.912500000000e+00
   4.950000000000e+00
   4.987500000000e+00
   5.025000000000e+00
   5.062500000000e+00
   5.100000000000e+00
   5.137500000000e+00
   5.175000000000e+00
   5.212500000000e+00
   5.250000000000e+00
   5.287500000000e+00
   5.325000000000e+00
   5.362500000000e+00
   5.400000000000e+00
   5.437500000000e+00
   5.475000000000e+00
   5.512500000000e+00
   5.550000000000e+00
   5.587500000000e+00
   5.625000000000e+00
   5.662500000000e+00
   5.700000000000e+00
   5.737500000000e+00
   5.775000000000e+00
   5.812500000000e+00
   5.850000000000e+00
   5.887500000000e+00
   5.925000000000e+00
   5.962500000000e+00
   6.000000000000e+00
   6.037500000000e+00
   6.075000000000e+00
   6.112500000000e+00
   6.150000000000e+00
   6.187500000000e+00
   6.225000000000e+00
   6.262500000000e+00
   6.300000000000e+00
   6.337500000000e+00
   6.375000000000e+00
   6.412500000000e+00
   6.450000000000e+00
   6.487500000000e+00
   6.525000000000e+00
   6.562500000000e+00
   6.600000000000e+00
   6.637500000000e+00
   6.675000000000e+00
   6.712500000000e+00
   6.750000000000e+00
   6.787500000000e+00
   6.825000000000e+00
   6.862500000000e+00
   6.900000000000e+00
   6.937500000000e+00
   6.975000000000e+00
   7.012500000000e+00
   7.050000000000e+00
   7.087500000000e+00
   7.125000000000e+00
   7.162500000000e+00
   7.200000000000e+00
   7.237500000000e+00
   7.275000000000e+00
   7.312500000000e+00
   7.350000000000e+00
   7.387500000000e+00
   7.425000000000e+00
   7.462500000000e+00
   7.500000000000e+00
   7.537500000000e+00
   7.575000000000e+00
   7.612500000000e+00
   7.650000000000e+00
   7.687500000000e+00
   7.725000000000e+00
   7.762500000000e+00
   7.800000000000e+00
   7.837500000000e+00
   7.875000000000e+00
   7.912500000000e+00
   7.950000000000e+00
   7.987500000000e+00
   8.025000000000e+00
   8.062500000000e+00
   8.100000000000e+00
   8.137500000000e+00
   8.175000000000e+00
   8.212500000000e+00
   8.250000000000e+00
   8.287500000000e+00
   8.325000000000e+00
   8.362500000000e+00
   8.400000000000e+00
   8.437500000000e+00
   8.475000000000e+00
   8.512500000000e+00
   8.550000000000e+00
   8.587500000000e+00
   8.625000000000e+00
   8.662500000000e+00
   8.700000000000e+00
   8.737500000000e+00
   8.775000000000e+00
   8.812500000000e+00
   8.850000000000e+00
   8.887500000000e+00
   8.925000000000e+00
   8.962500000000e+00
   9.000000000000e+00
   9.037500000000e+00
   9.075000000000e+00
   9.112500000000e+00
   9.150000000000e+00
   9.187500000000e+00
   9.225000000000e+00
   9.262500000000e+00
   9.300000000000e+00
   9.337500000000e+00
   9.375000000000e+00
   9.412500000000e+00
   9.450000000000e+00
   9.487500000000e+00
   9.525000000000e+00
   9.562500000000e+00
   9.600000000000e+00
   9.637500000000e+00
   9.675000000000e+00
   9.712500000000e+00
   9.750000000000e+00
   9.787500000000e+00
   9.825000000000e+00
   9.862500000000e+00
   9.900000000000e+00
   9.937500000000e+00
   9.975000000000e+00
   1.001250000000e+01
   1.005000000000e+01
   1.008750000000e+01
   1.012500000000e+01
   1.016250000000e+01
   1.020000000000e+01
   1.023750000000e+01
   1.027500000000e+01
   1.031250000000e+01
   1.035000000000e+01
   1.038750000000e+01
   1.042500000000e+01
   1.046250000000e+01
   1.050000000000e+01
   1.053750000000e+01
   1.057500000000e+01
   1.061250000000e+01
   1.065000000000e+01
   1.068750000000e+01
   1.072500000000e+01
   1.076250000000e+01
   1.080000000000e+01
   1.083750000000e+01
   1.087500000000e+01
   1.091250000000e+01
   1.095000000000e+01
   1.098750000000e+01
   1.102500000000e+01
   1.106250000000e+01
   1.110000000000e+01
   1.113750000000e+01
   1.117500000000e+01
   1.121250000000e+01
   1.125000000000e+01
   1.128750000000e+01
   1.132500000000e+01
   1.136250000000e+01
   1.140000000000e+01
   1.143750000000e+01
   1.147500000000e+01
   1.151250000000e+01
   1.155000000000e+01
   1.158750000000e+01
   1.162500000000e+01
   1.166250000000e+01
   1.170000000000e+01
   1.173750000000e+01
   1.177500000000e+01
   1.181250000000e+01
   1.185000000000e+01
   1.188750000000e+01
   1.192500000000e+01
   1.196250000000e+01
   1.200000000000e+01
   1.203750000000e+01
   1.207500000000e+01
   1.211250000000e+01
   1.215000000000e+01
   1.218750000000e+01
   1.222500000000e+01
   1.226250000000e+01
   1.230000000000e+01
   1.233750000000e+01
   1.237500000000e+01
   1.241250000000e+01
   1.245000000000e+01
   1.248750000000e+01
   1.252500000000e+01
   1.256250000000e+01
   1.260000000000e+01
   1.263750000000e+01
   1.267500000000e+01
   1.271250000000e+01
   1.275000000000e+01
   1.278750000000e+01
   1.282500000000e+01
   1.286250000000e+01
   1.290000000000e+01
   1.293750000000e+01
   1.297500000000e+01
   1.301250000000e+01
   1.305000000000e+01
   1.308750000000e+01
   1.312500000000e+01
   1.316250000000e+01
   1.320000000000e+01
   1.323750000000e+01
   1.327500000000e+01
   1.331250000000e+01
   1.335000000000e+01
   1.338750000000e+01
   1.342500000000e+01
   1.346250000000e+01
   1.350000000000e+01
   1.353750000000e+01
   1.357500000000e+01
   1.361250000000e+01
   1.365000000000e+01
   1.368750000000e+01
   1.372500000000e+01
   1.376250000000e+01
   1.380000000000e+01
   1.383750000000e+01
   1.387500000000e+01
   1.391250000000e+01
   1.395000000000e+01
   1.398750000000e+01
   1.402500000000e+01
   1.406250000000e+01
   1.410000000000e+01
   1.413750000000e+01
   1.417500000000e+01
   1.421250000000e+01
   1.425000000000e+01
   1.428750000000e+01
   1.432500000000e+01
   1.436250000000e+01
   1.440000000000e+01
   1.443750000000e+01
   1.447500000000e+01
   1.451250000000e+01
   1.455000000000e+01
   1.458750000000e+01
   1.462500000000e+01
   1.466250000000e+01
   1.470000000000e+01
   1.473750000000e+01
   1.477500000000e+01
   1.481250000000e+01
   1.485000000000e+01
   1.488750000000e+01
   1.492500000000e+01
   1.496250000000e+01
   1.500000000000e+01
