1000
10000
0
0
0
10
2.223752628503549e-03 5.729810668919318e-03 -1.302787429931505e-04 -0.00190641108123 0.00200798386564 4.4697954069e-05 1
9.157477012950265e-01 4.042461209032910e-01 -1.522111483952883e-04 -2.61630691283 5.74075099319 -0.00039356416563 3.00320234302e-06
-6.410724081365669e-01 3.236892210498541e-01 4.135348249374151e-02 -3.30755588857 -6.65589179237 0.0994744646864 2.44751939107e-06
-3.287604831169234e-01 -2.919598903820732e-01 5.909051542785081e-03 4.77389162957 -7.17437325291 -1.02448935157 1.66000852885e-07
1.054704031151606e+01 -3.171257701386237e+01 3.425987915318960e-01 1.10859590882 0.119229432807 -0.332979505927 7.34205529272e-09
2.861384073170105e+01 -8.821340939894261e+00 -4.777761067268491e-01 0.330236308945 1.10238282658 -0.0304613245512 5.12938109491e-05
1.785964372674984e+01 8.809825794894454e+00 -1.986545846120659e-01 -0.646016341397 1.22135138528 0.0128964359409 4.36500273567e-05
-3.527358570630195e-01 -1.004922433419789e+01 1.887648159916613e-01 1.92438184667 -0.0782613869176 -0.0751102618884 0.000285636123717
-4.584714320416862e+00 -2.921100689848471e+00 1.146625328741811e-01 1.44865566047 -2.19345971906 -0.0232946890195 0.000954467188053
-1.563246546807631e+00 5.725226790391031e-01 5.016658374850980e-02 -1.55037550551 -4.36714970343 -0.0535110373057 3.2284928068e-07