                   2           0.0199553             510.149              382612            -4126.62             63.7255
                   3            0.029933               509.9              382425            -3943.24             95.5742
                   4           0.0399106             509.489              382117            -3639.52             127.403
                   5           0.0498883             508.827              381620            -3152.57             159.201
                   6           0.0598659             507.761              380821            -2369.41             190.947
                   7           0.0698436             506.005              379504            -1083.62             222.611
                   8           0.0798212             503.035              377276             1087.04             254.137
                   9           0.0897989             497.908              373431             4834.42             285.426
                  10           0.0997765              489.19              366893             11252.4             316.294
                  11            0.109754             475.747              356810             21334.5             346.417
                  12            0.119732             459.248              344436             33947.8             375.305
                  13            0.129709             444.462              333347               45102             402.456
                  14            0.139687             433.494              325121             53185.4              427.65
                  15            0.149665             424.775              318581               59702             450.937
                  16            0.159642             417.398              313049             65260.7             472.428
                  17             0.16962             411.482              308611             69731.1             492.248
                  18            0.179598             407.438              305578             72812.1             510.531
                  19            0.189575             405.827              304370             74029.1             527.437
                  20            0.199553             406.347              304760             73546.5              543.18
                  21            0.209531             407.317              305487             72768.3             558.017
                  22            0.219508              407.56              305670               72616             572.163
                  23            0.229486             407.301              305475             72851.9             585.743
                  24            0.239464             407.308              305481             72891.1             598.818
                  25            0.249441             408.119              306090             72252.2             611.434
                  26            0.259419             409.176              306882             71416.1             623.664
                  27            0.269397             409.727              307295             71033.7             635.565
                  28            0.279374             410.164              307623             70761.8             647.153
                  29            0.289352             411.286              308465             69909.7             658.449
                  30             0.29933              412.97              309728             68606.7             669.512
                  31            0.309307             414.544              310908               67422             680.413
                  32            0.319285             415.859              311894             66469.8             691.196
                  33            0.329263             417.282              312961               65404             701.896
                  34             0.33924             418.723              314042             64285.9             712.558
                  35            0.349218              419.48              314610             63691.2             723.228
                  36            0.359196             419.024              314268             64042.7             733.917
                  37            0.369173             417.557              313168             65187.3              744.59
                  38            0.379151              415.99              311992             66418.2             755.183
                  39            0.389128              415.33              311497             66917.8             765.647
                  40            0.399106             415.747              311810             66567.4             775.985
                  41            0.409084             416.686              312514             65848.5             786.241
                  42            0.419061             417.867              313400             64983.5             796.455
                  43            0.429039             419.484              314613               63772              806.66
                  44            0.439017             421.492              316119             62249.5             816.886
                  45            0.448994             423.465              317599             60744.3             827.165
                  46            0.458972             424.796              318597             59708.7             837.515
                  47             0.46895             424.809              318606             59674.9             847.934
                  48            0.478927             423.158              317368             60910.8             858.387
                  49            0.488905             419.979              314985             63295.3              868.81
                  50            0.498883             415.908              311931             66420.1             879.121
                  51             0.50886             413.081              309811             68721.8             889.214
                  52            0.518838             414.521              310891             67595.3             898.993
                  53            0.528816             419.485              314614             63679.2             908.484
                  54            0.538793             424.545              318409             59872.3             917.821
                  55            0.548771             428.383              321287               57031             927.121
                  56            0.558749             431.121              323340             54999.2              936.46
                  57            0.568726             432.966              324724               53637             945.881
                  58            0.578704             434.147              325610             52764.7             955.409
                  59            0.588682             434.795              326096             52269.5             965.053
                  60            0.598659             434.777              326083             52273.6             974.817
                  61            0.608637             434.028              325521             52852.2             984.688
                  62            0.618615             432.918              324689             53707.8              994.63
                  63            0.628592             431.848              323886             54488.4              1004.6
                  64             0.63857             430.585              322939             55399.5             1014.56
                  65            0.648547             428.751              321563               56787             1024.47
                  66            0.658525             426.651              319988             58377.8             1034.24
                  67            0.668503             424.699              318524             59833.6             1043.82
                  68             0.67848              423.12              317340             61055.8             1053.16
                  69            0.688458             422.553              316915             61498.8             1062.24
                  70            0.698436             423.182              317387             60974.6             1071.08
                  71            0.708413             424.206              318155             60188.3             1079.73
                  72            0.718391             425.105              318829             59533.6             1088.19
                  73            0.728369             426.021              319515             58857.7             1096.49
                  74            0.738346             427.091              320318             58047.1              1104.7
                  75            0.748324             428.145              321108             57236.2             1112.87
                  76            0.758302             428.764              321573             56753.6             1121.04
                  77            0.768279             428.641              321481             56860.8             1129.22
                  78            0.778257             428.151              321113             57286.3             1137.41
                  79            0.788235             428.257              321193             57228.8             1145.58
                  80            0.798212             429.314              321986             56401.1             1153.73
                  81             0.80819             430.636              322977               55367              1161.9
                  82            0.818168             431.282              323462             54850.6             1170.12
                  83            0.828145             430.518              322889             55391.7             1178.37
                  84            0.838123             427.943              320957             57320.2             1186.63
                  85            0.848101              424.22              318165             60216.7             1194.82
                  86            0.858078              421.72              316290             62181.7             1202.88
                  87            0.868056             421.802              316352             61968.3             1210.77
                  88            0.878034              422.56              316920             61402.1             1218.53
                  89            0.888011             423.186              317389             61008.1             1226.16
                  90            0.897989             424.489              318367             60029.8             1233.68
                  91            0.907966             426.472              319854             58518.2             1241.08
                  92            0.917944             428.604              321453             56906.7             1248.38
                  93            0.927922             430.419              322814             55530.8             1255.58
                  94            0.937899             431.519              323639             54704.4             1262.72
                  95            0.947877             431.791              323843             54521.9             1269.81
                  96            0.957855             431.518              323638             54736.5             1276.87
                  97            0.967832             430.887              323165             55193.5             1283.89
                  98             0.97781             429.833              322375             55991.7             1290.89
                  99            0.987788             428.679              321509             56896.9             1297.85
                 100            0.997765             428.115              321086             57319.1             1304.77
                 101             1.00774             428.162              321121             57232.7             1311.67
                 102             1.01772             428.169              321127             57226.9             1318.57
                 103              1.0277             428.191              321144             57255.2             1325.48
                 104             1.03768             428.861              321646             56732.2             1332.42
                 105             1.04765             429.977              322483             55854.1             1339.38
                 106             1.05763             430.962              323222             55141.4             1346.32
                 107             1.06761              432.11              324083             54320.1             1353.21
                 108             1.07759             433.668              325251             53093.7             1360.02
                 109             1.08756             434.672              326004             52309.3             1366.79
                 110             1.09754             434.292              325719             52596.2             1373.54
                 111             1.10752             432.507              324380             53960.1             1380.31
                 112              1.1175              430.01              322507             55891.7             1387.08
                 113             1.12747             427.985              320989             57432.1             1393.83
                 114             1.13745             426.929              320196             58176.5             1400.54
                 115             1.14743             426.328              319746             58623.8             1407.19
                 116             1.15741             426.003              319502               58881             1413.76
                 117             1.16739             426.094              319570             58803.9             1420.23
                 118             1.17736             426.541              319906             58467.4             1426.58
                 119             1.18734             427.338              320504             57867.8              1432.8
                 120             1.19732             428.379              321284             57053.7             1438.85
                 121              1.2073             429.053              321790             56510.7             1444.73
                 122             1.21727             428.707              321530             56770.9             1450.45
                 123             1.22725             427.252              320439             57871.9                1456
                 124             1.23723             424.966              318724               59599             1461.37
                 125             1.24721             422.329              316746             61602.2             1466.55
                 126             1.25718             420.178              315134             63269.5             1471.52
                 127             1.26716             419.505              314629             63773.3             1476.25
                 128             1.27714              420.41              315308             63058.8             1480.78
                 129             1.28712              422.05              316538             61776.4             1485.13
                 130             1.29709             423.296              317472               60825             1489.35
                 131             1.30707             423.587              317690             60633.1             1493.47
                 132             1.31705             423.143              317357             60987.8             1497.51
                 133             1.32703             422.273              316705             61637.6             1501.47
                 134             1.33701              421.11              315833             62524.2             1505.35
                 135             1.34698             420.037              315028               63356             1509.17
                 136             1.35696             419.636              314727             63674.6             1512.92
                 137             1.36694               420.3              315225             63173.6             1516.61
                 138             1.37692             421.832              316374             61970.4             1520.25
                 139             1.38689             423.275              317456             60849.1             1523.86
                 140             1.39687             423.884              317913               60413             1527.43
                 141             1.40685             423.876              317907             60458.5             1530.98
                 142             1.41683               423.9              317925             60463.7              1534.5
                 143              1.4268             424.394              318296             60101.3             1537.98
                 144             1.43678             425.522              319142             59257.9             1541.43
                 145             1.44676             427.267              320450             57939.9             1544.87
                 146             1.45674             429.319              321989             56366.3              1548.3
                 147             1.46672              430.95              323212             55097.4             1551.74
                 148             1.47669             431.307              323480               54806              1555.2
                 149             1.48667             430.042              322532             55776.5             1558.69
                 150             1.49665             427.709              320782             57578.5             1562.19
                 151             1.50663             425.353              319015             59368.8             1565.66
                 152              1.5166             423.585              317689             60694.1             1569.09
                 153             1.52658              422.56              316920             61475.9             1572.45
                 154             1.53656             422.501              316876             61534.9             1575.74
                 155             1.54654             423.664              317748             60667.3             1578.97
                 156             1.55651             425.937              319453               58922             1582.15
                 157             1.56649             428.497              321373             56962.4             1585.35
                 158             1.57647              430.47              322852             55481.9             1588.59
                 159             1.58645             431.582              323686             54654.4             1591.92
                 160             1.59642             431.819              323864             54461.6             1595.36
                 161              1.6064             431.139              323354             54989.6             1598.89
                 162             1.61638             430.207              322656             55752.8             1602.49
                 163             1.62636             429.962              322471             55890.7             1606.14
                 164             1.63634             429.779              322334             55957.5             1609.84
                 165             1.64631             428.375              321281             57002.2             1613.57
                 166             1.65629             425.611              319208             59141.9             1617.33
                 167             1.66627             422.732              317049             61366.8             1621.05
                 168             1.67625             420.967              315725             62680.8             1624.69
                 169             1.68622             420.376              315282               63096             1628.22
                 170              1.6962             420.564              315423             62963.3             1631.63
                 171             1.70618             421.681              316261             62160.9             1634.91
                 172             1.71616              424.16              318120             60286.1             1638.05
                 173             1.72613             427.609              320707             57643.1             1641.07
                 174             1.73611             430.888              323166             55151.3             1644.01
