                   2           0.0199553             539.705              404779            -4122.03             67.4171
                   3            0.029933              539.45              404588            -3933.59             101.111
                   4           0.0399106              539.03              404273            -3623.44             134.785
                   5           0.0498883              538.36              403770            -3129.88             168.427
                   6           0.0598659             537.291              402968            -2343.73             202.017
                   7           0.0698436             535.549              401662            -1067.17             235.525
                   8           0.0798212             532.626              399469             1068.96             268.897
                   9           0.0897989             527.611              395708             4738.34             302.035
                  10           0.0997765             519.396              389547             10850.9             334.757
                  11            0.109754             508.181              381136             19319.3              366.75
                  12            0.119732             495.059              371294             29058.5              397.65
                  13            0.129709             479.954              359966             40474.4             427.171
                  14            0.139687             464.454              348341             52199.6             455.025
                  15            0.149665             450.987              338240             62367.6             480.992
                  16            0.159642             441.172              330879               69756             504.996
                  17             0.16962             435.574              326680             73935.9             527.121
                  18            0.179598             433.651              325238             75330.5             547.587
                  19            0.189575             434.135              325601             74908.9             566.687
                  20            0.199553              435.55              326663             73809.8             584.721
                  21            0.209531             436.798              327599             72863.7              601.94
                  22            0.219508             437.359              328019             72448.5             618.528
                  23            0.229486             437.204              327903               72590             634.602
                  24            0.239464             436.837              327628             72912.3             650.226
                  25            0.249441             437.021              327766             72773.5             665.445
                  26            0.259419             437.756              328317             72177.2              680.32
                  27            0.269397             438.381              328786               71713             694.925
                  28            0.279374             438.804              329103             71425.3             709.317
                  29            0.289352              439.35              329513             71012.4             723.531
                  30             0.29933             439.827              329870             70605.3             737.597
                  31            0.309307               439.4              329550             70891.9             751.524
                  32            0.319285             437.707              328281             72221.1             765.279
                  33            0.329263             435.964              326973             73624.5             778.784
                  34             0.33924             435.717              326788             73775.1             791.976
                  35            0.349218             436.595              327446             73032.4             804.865
                  36            0.359196             437.151              327863             72588.2              817.49
                  37            0.369173             436.718              327539             72931.8             829.867
                  38            0.379151             435.537              326653             73834.1             841.987
                  39            0.389128             434.004              325503             74982.1             853.834
                  40            0.399106             432.504              324378             76151.3             865.392
                  41            0.409084             432.066              324049             76542.9             876.639
                  42            0.419061             433.687              325265             75298.5             887.573
                  43            0.429039             436.895              327671             72829.4             898.244
                  44            0.439017             440.463              330347             70138.9             908.731
                  45            0.448994             443.731              332799             67688.8             919.105
                  46            0.458972             446.332              334749             65704.2             929.424
                  47             0.46895             447.559              335669             64752.3             939.733
                  48            0.478927             446.981              335235             65227.5             950.044
                  49            0.488905             445.477              334108             66441.2             960.316
                  50            0.498883             444.473              333355               67184             970.496
                  51             0.50886             444.202              333152             67375.2             980.569
                  52            0.518838             444.521              333391             67156.4             990.543
                  53            0.528816             445.466              334099             66423.2             1000.42
                  54            0.538793             446.477              334858             65637.4             1010.22
                  55            0.548771             446.958              335218             65290.3             1019.94
                  56            0.558749             446.989              335242             65296.1             1029.57
                  57            0.568726             447.031              335273             65277.4              1039.1
                  58            0.578704             447.316              335487             65054.9             1048.54
                  59            0.588682             447.708              335781             64752.4             1057.89
                  60            0.598659              447.99              335993             64533.7              1067.2
                  61            0.608637             447.943              335958             64548.6             1076.48
                  62            0.618615             447.191              335393             65084.2             1085.74
                  63            0.628592             445.345              334009             66455.1             1094.97
